FoamFile
{
    version     2.0;
    format      ascii;
    class       vectorField;
    location    "constant/polyMesh";
    object      points;
}

1250      
(
(0 0 0)
(0.0375 0 0)
(0.075 0 0)
(0.1125 0 0)
(0.15 0 0)
(0.1875 0 0)
(0.225 0 0)
(0.2625 0 0)
(0.3 0 0)
(0.3375 0 0)
(0.375 0 0)
(0.4125 0 0)
(0.45 0 0)
(0.4875 0 0)
(0.525 0 0)
(0.5625 0 0)
(0.6 0 0)
(0.6375 0 0)
(0.6749999999999999 0 0)
(0.7125 0 0)
(0.75 0 0)
(0.7875 0 0)
(0.825 0 0)
(0.8624999999999999 0 0)
(0.9 0 0)
(0 0.03750000000000007 0)
(0.0375 0.03750000000000007 0)
(0.075 0.03750000000000007 0)
(0.1125 0.03750000000000006 0)
(0.15 0.03750000000000007 0)
(0.1875 0.03750000000000005 0)
(0.225 0.03750000000000005 0)
(0.2625000000000001 0.03750000000000005 0)
(0.3 0.03750000000000005 0)
(0.3374999999999999 0.03750000000000004 0)
(0.375 0.03750000000000003 0)
(0.4125 0.03750000000000003 0)
(0.45 0.03750000000000003 0)
(0.4875 0.03750000000000003 0)
(0.5250000000000001 0.03750000000000003 0)
(0.5625 0.03750000000000001 0)
(0.5999999999999998 0.03750000000000001 0)
(0.6375000000000001 0.03750000000000002 0)
(0.6749999999999998 0.03750000000000002 0)
(0.7125000000000001 0.03750000000000002 0)
(0.75 0.03750000000000002 0)
(0.7874999999999998 0.03750000000000001 0)
(0.8250000000000001 0.03750000000000001 0)
(0.8624999999999999 0.03750000000000001 0)
(0.9 0.0375 0)
(0 0.07500000000000004 0)
(0.03749999999999999 0.07500000000000002 0)
(0.075 0.07500000000000004 0)
(0.1124999999999999 0.07500000000000004 0)
(0.15 0.07500000000000004 0)
(0.1875 0.07500000000000004 0)
(0.225 0.07500000000000004 0)
(0.2625 0.07500000000000005 0)
(0.3 0.07500000000000004 0)
(0.3374999999999999 0.07500000000000004 0)
(0.375 0.07500000000000001 0)
(0.4125 0.07500000000000001 0)
(0.4499999999999998 0.075 0)
(0.4875 0.07500000000000002 0)
(0.525 0.075 0)
(0.5625 0.07500000000000001 0)
(0.6 0.07500000000000001 0)
(0.6374999999999998 0.07500000000000001 0)
(0.6749999999999996 0.07500000000000001 0)
(0.7124999999999999 0.075 0)
(0.75 0.07500000000000002 0)
(0.7875 0.07500000000000001 0)
(0.825 0.07499999999999997 0)
(0.8624999999999997 0.075 0)
(0.8999999999999999 0.075 0)
(0 0.1125 0)
(0.03750000000000001 0.1125 0)
(0.07499999999999998 0.1125 0)
(0.1125 0.1125 0)
(0.15 0.1125 0)
(0.1875 0.1125 0)
(0.225 0.1125 0)
(0.2625 0.1125 0)
(0.3 0.1125 0)
(0.3375 0.1125 0)
(0.375 0.1125 0)
(0.4124999999999999 0.1125 0)
(0.4499999999999999 0.1125 0)
(0.4875 0.1125 0)
(0.525 0.1125 0)
(0.5625 0.1125 0)
(0.6 0.1125 0)
(0.6374999999999998 0.1125 0)
(0.675 0.1125 0)
(0.7124999999999999 0.1125 0)
(0.75 0.1125 0)
(0.7875 0.1125 0)
(0.8249999999999997 0.1125 0)
(0.8624999999999999 0.1125 0)
(0.8999999999999999 0.1125 0)
(0 0.1500000000000001 0)
(0.03750000000000001 0.15 0)
(0.07500000000000001 0.1500000000000001 0)
(0.1125 0.1500000000000001 0)
(0.15 0.1500000000000001 0)
(0.1875 0.1500000000000001 0)
(0.225 0.1500000000000001 0)
(0.2625 0.1500000000000001 0)
(0.3 0.1500000000000001 0)
(0.3374999999999999 0.1500000000000001 0)
(0.375 0.15 0)
(0.4124999999999999 0.15 0)
(0.45 0.15 0)
(0.4875 0.15 0)
(0.525 0.15 0)
(0.5625 0.15 0)
(0.6 0.15 0)
(0.6374999999999998 0.15 0)
(0.6749999999999998 0.15 0)
(0.7125000000000001 0.15 0)
(0.75 0.15 0)
(0.7875000000000001 0.15 0)
(0.825 0.1499999999999999 0)
(0.8624999999999998 0.15 0)
(0.9 0.15 0)
(0 0.1875 0)
(0.03750000000000001 0.1875 0)
(0.07500000000000001 0.1875 0)
(0.1125 0.1875 0)
(0.15 0.1875 0)
(0.1875 0.1875 0)
(0.2250000000000001 0.1875000000000001 0)
(0.2625000000000001 0.1875 0)
(0.3000000000000001 0.1875 0)
(0.3375 0.1875 0)
(0.375 0.1875 0)
(0.4125 0.1875 0)
(0.45 0.1875 0)
(0.4875000000000001 0.1875 0)
(0.5250000000000002 0.1875 0)
(0.5625 0.1875 0)
(0.6000000000000002 0.1875 0)
(0.6375000000000001 0.1875 0)
(0.675 0.1875 0)
(0.7125000000000001 0.1875 0)
(0.75 0.1875 0)
(0.7875000000000002 0.1875 0)
(0.825 0.1875 0)
(0.8625000000000002 0.1875 0)
(0.9000000000000001 0.1875 0)
(0 0.2250000000000001 0)
(0.03750000000000002 0.2250000000000001 0)
(0.07499999999999998 0.2250000000000001 0)
(0.1125 0.2250000000000001 0)
(0.15 0.2250000000000001 0)
(0.1875 0.2250000000000001 0)
(0.2250000000000001 0.225 0)
(0.2625 0.2250000000000001 0)
(0.3 0.225 0)
(0.3375 0.2250000000000001 0)
(0.375 0.2250000000000001 0)
(0.4125 0.225 0)
(0.4499999999999999 0.225 0)
(0.4875 0.2250000000000001 0)
(0.5249999999999999 0.225 0)
(0.5625 0.225 0)
(0.6 0.2250000000000001 0)
(0.6375000000000001 0.225 0)
(0.6749999999999997 0.225 0)
(0.7125000000000001 0.225 0)
(0.75 0.225 0)
(0.7874999999999998 0.225 0)
(0.825 0.225 0)
(0.8624999999999999 0.225 0)
(0.9 0.225 0)
(0 0.2625000000000001 0)
(0.03750000000000001 0.2625000000000001 0)
(0.07499999999999998 0.2625000000000001 0)
(0.1125 0.2625000000000001 0)
(0.15 0.2625000000000001 0)
(0.1875 0.2625000000000001 0)
(0.225 0.2625 0)
(0.2625 0.2625000000000001 0)
(0.3 0.2625 0)
(0.3374999999999999 0.2625000000000001 0)
(0.375 0.2625000000000001 0)
(0.4125 0.2625 0)
(0.4499999999999999 0.2625000000000001 0)
(0.4874999999999999 0.2625000000000001 0)
(0.5250000000000001 0.2625 0)
(0.5625 0.2625 0)
(0.6 0.2625000000000001 0)
(0.6375 0.2625 0)
(0.6749999999999996 0.2625000000000001 0)
(0.7124999999999999 0.2625000000000001 0)
(0.75 0.2625 0)
(0.7875 0.2625 0)
(0.8250000000000001 0.2625 0)
(0.8624999999999997 0.2625 0)
(0.8999999999999999 0.2625 0)
(0 0.3 0)
(0.03750000000000003 0.3000000000000001 0)
(0.07500000000000004 0.3000000000000001 0)
(0.1125 0.3 0)
(0.1500000000000001 0.3 0)
(0.1875 0.3 0)
(0.2250000000000001 0.3 0)
(0.2625000000000001 0.3000000000000001 0)
(0.3 0.3 0)
(0.3375 0.3 0)
(0.375 0.3000000000000001 0)
(0.4125000000000001 0.3 0)
(0.45 0.3 0)
(0.4875000000000002 0.3000000000000001 0)
(0.5250000000000002 0.3000000000000001 0)
(0.5625000000000002 0.3 0)
(0.6 0.3000000000000001 0)
(0.6375 0.2999999999999999 0)
(0.675 0.3 0)
(0.7125000000000001 0.3 0)
(0.75 0.3 0)
(0.7875 0.3 0)
(0.825 0.2999999999999999 0)
(0.8625 0.3 0)
(0.9000000000000001 0.3 0)
(0 0.3375 0)
(0.03750000000000002 0.3375 0)
(0.075 0.3375 0)
(0.1125 0.3375 0)
(0.15 0.3375 0)
(0.1875 0.3375 0)
(0.225 0.3375 0)
(0.2625 0.3375 0)
(0.2999999999999999 0.3375 0)
(0.3374999999999999 0.3375 0)
(0.375 0.3375 0)
(0.4125 0.3375 0)
(0.4499999999999999 0.3375 0)
(0.4875 0.3375 0)
(0.525 0.3375 0)
(0.5625 0.3375 0)
(0.6 0.3375 0)
(0.6374999999999998 0.3374999999999999 0)
(0.6749999999999998 0.3375 0)
(0.7124999999999997 0.3375 0)
(0.75 0.3375000000000001 0)
(0.7874999999999998 0.3374999999999999 0)
(0.8249999999999997 0.3374999999999999 0)
(0.8624999999999998 0.3375 0)
(0.8999999999999999 0.3375 0)
(0 0.375 0)
(0.03750000000000002 0.375 0)
(0.07500000000000002 0.375 0)
(0.1125 0.375 0)
(0.15 0.375 0)
(0.1875 0.375 0)
(0.2250000000000001 0.3749999999999999 0)
(0.2625 0.375 0)
(0.3 0.3749999999999999 0)
(0.3375 0.375 0)
(0.375 0.375 0)
(0.4125 0.3749999999999999 0)
(0.45 0.375 0)
(0.4875 0.375 0)
(0.525 0.375 0)
(0.5625 0.375 0)
(0.6000000000000001 0.375 0)
(0.6374999999999998 0.375 0)
(0.675 0.375 0)
(0.7124999999999999 0.3749999999999999 0)
(0.75 0.375 0)
(0.7875000000000001 0.375 0)
(0.825 0.375 0)
(0.8624999999999999 0.375 0)
(0.9 0.375 0)
(0 0.4125 0)
(0.03750000000000003 0.4125000000000001 0)
(0.07500000000000002 0.4124999999999999 0)
(0.1125 0.4125 0)
(0.15 0.4125000000000001 0)
(0.1875 0.4125 0)
(0.2250000000000001 0.4125 0)
(0.2625000000000001 0.4125 0)
(0.3000000000000001 0.4125000000000001 0)
(0.3375 0.4124999999999999 0)
(0.375 0.4125 0)
(0.4125000000000001 0.4125 0)
(0.4500000000000001 0.4124999999999999 0)
(0.4875 0.4125 0)
(0.5250000000000002 0.4125 0)
(0.5625000000000002 0.4125 0)
(0.6000000000000002 0.4125 0)
(0.6375 0.4125 0)
(0.675 0.4125 0)
(0.7125000000000001 0.4124999999999999 0)
(0.7500000000000002 0.4125 0)
(0.7875000000000001 0.4125 0)
(0.8250000000000002 0.4125 0)
(0.8625 0.4125 0)
(0.9000000000000001 0.4125 0)
(0 0.45 0)
(0.03750000000000002 0.45 0)
(0.075 0.4499999999999999 0)
(0.1125 0.4499999999999999 0)
(0.15 0.4500000000000001 0)
(0.1875 0.45 0)
(0.225 0.45 0)
(0.2625000000000001 0.45 0)
(0.2999999999999999 0.4499999999999999 0)
(0.3375 0.4499999999999999 0)
(0.375 0.45 0)
(0.4124999999999999 0.4499999999999999 0)
(0.4499999999999999 0.4499999999999999 0)
(0.4875 0.45 0)
(0.525 0.45 0)
(0.5625 0.4499999999999999 0)
(0.5999999999999999 0.45 0)
(0.6374999999999998 0.4499999999999999 0)
(0.675 0.4499999999999999 0)
(0.7125000000000001 0.45 0)
(0.75 0.45 0)
(0.7875 0.4499999999999999 0)
(0.825 0.4499999999999999 0)
(0.8624999999999997 0.4499999999999999 0)
(0.8999999999999999 0.45 0)
(0 0.4875000000000001 0)
(0.03750000000000003 0.4875000000000001 0)
(0.075 0.4875000000000002 0)
(0.1125 0.4875 0)
(0.15 0.4875000000000002 0)
(0.1875 0.4875 0)
(0.2250000000000001 0.4875000000000001 0)
(0.2625000000000001 0.4875 0)
(0.3 0.4875 0)
(0.3375 0.4874999999999999 0)
(0.375 0.4875 0)
(0.4125 0.4875 0)
(0.45 0.4875 0)
(0.4875 0.4875000000000001 0)
(0.525 0.4875 0)
(0.5625 0.4875 0)
(0.6000000000000001 0.4875000000000001 0)
(0.6374999999999998 0.4875 0)
(0.6749999999999999 0.4875 0)
(0.7125000000000001 0.4875000000000002 0)
(0.75 0.4875 0)
(0.7875 0.4875 0)
(0.825 0.4874999999999999 0)
(0.8625 0.4875000000000001 0)
(0.9 0.4875 0)
(0 0.525 0)
(0.03750000000000003 0.5249999999999998 0)
(0.07500000000000002 0.525 0)
(0.1125 0.525 0)
(0.15 0.5250000000000002 0)
(0.1875 0.525 0)
(0.225 0.525 0)
(0.2625000000000001 0.525 0)
(0.3 0.525 0)
(0.3375 0.5249999999999999 0)
(0.375 0.525 0)
(0.4124999999999999 0.525 0)
(0.4499999999999999 0.525 0)
(0.4874999999999999 0.5250000000000002 0)
(0.525 0.525 0)
(0.5625 0.525 0)
(0.6000000000000001 0.5250000000000002 0)
(0.6374999999999998 0.525 0)
(0.6749999999999999 0.525 0)
(0.7125000000000001 0.5250000000000002 0)
(0.75 0.525 0)
(0.7875 0.525 0)
(0.825 0.525 0)
(0.8625 0.525 0)
(0.9 0.525 0)
(0 0.5625 0)
(0.03750000000000004 0.5625 0)
(0.07500000000000004 0.5625 0)
(0.1125 0.5625 0)
(0.1500000000000001 0.5624999999999999 0)
(0.1875 0.5625 0)
(0.225 0.5625 0)
(0.2625000000000001 0.5625 0)
(0.3 0.5625 0)
(0.3375 0.5624999999999999 0)
(0.375 0.5625 0)
(0.4125 0.5625 0)
(0.45 0.5625 0)
(0.4875 0.5625 0)
(0.525 0.5625 0)
(0.5625 0.5625 0)
(0.6000000000000001 0.5625 0)
(0.6374999999999998 0.5625 0)
(0.6749999999999999 0.5625 0)
(0.7125000000000001 0.5625 0)
(0.75 0.5625 0)
(0.7875 0.5625 0)
(0.825 0.5625 0)
(0.8625 0.5625 0)
(0.9 0.5625 0)
(0 0.6000000000000001 0)
(0.03750000000000004 0.6000000000000001 0)
(0.07500000000000004 0.6000000000000001 0)
(0.1125 0.6000000000000001 0)
(0.1500000000000001 0.6 0)
(0.1875 0.6000000000000001 0)
(0.225 0.6000000000000001 0)
(0.2625000000000001 0.6000000000000001 0)
(0.3 0.6000000000000001 0)
(0.3375 0.6 0)
(0.375 0.6000000000000002 0)
(0.4125000000000001 0.6000000000000001 0)
(0.45 0.6000000000000001 0)
(0.4875 0.6000000000000002 0)
(0.525 0.6000000000000002 0)
(0.5625 0.6 0)
(0.6000000000000001 0.6000000000000002 0)
(0.6374999999999998 0.5999999999999998 0)
(0.6749999999999999 0.6000000000000002 0)
(0.7125000000000001 0.6000000000000003 0)
(0.75 0.6000000000000001 0)
(0.7875000000000001 0.6 0)
(0.825 0.5999999999999998 0)
(0.8625 0.6 0)
(0.9 0.6 0)
(0 0.6375 0)
(0.03750000000000005 0.6374999999999998 0)
(0.07500000000000004 0.6374999999999998 0)
(0.1125 0.6374999999999998 0)
(0.1500000000000001 0.6375 0)
(0.1875 0.6374999999999998 0)
(0.2250000000000001 0.6374999999999998 0)
(0.2625000000000001 0.6374999999999998 0)
(0.3 0.6374999999999998 0)
(0.3375000000000001 0.6374999999999997 0)
(0.375 0.6375 0)
(0.4125 0.6374999999999998 0)
(0.4500000000000001 0.6374999999999998 0)
(0.4875 0.6375000000000001 0)
(0.525 0.6374999999999998 0)
(0.5625 0.6374999999999998 0)
(0.6000000000000001 0.6375000000000001 0)
(0.6374999999999998 0.6374999999999998 0)
(0.6750000000000002 0.6374999999999998 0)
(0.7125000000000001 0.6375000000000002 0)
(0.75 0.6375 0)
(0.7875 0.6374999999999998 0)
(0.825 0.6374999999999998 0)
(0.8625 0.6374999999999998 0)
(0.9 0.6375 0)
(0 0.675 0)
(0.03750000000000005 0.6749999999999999 0)
(0.07500000000000004 0.6749999999999999 0)
(0.1125 0.6749999999999999 0)
(0.1500000000000001 0.6749999999999999 0)
(0.1875 0.6749999999999999 0)
(0.2250000000000001 0.6749999999999999 0)
(0.2625000000000001 0.6749999999999999 0)
(0.3 0.6749999999999999 0)
(0.3375 0.6749999999999999 0)
(0.375 0.675 0)
(0.4125 0.6749999999999999 0)
(0.45 0.675 0)
(0.4875 0.675 0)
(0.525 0.675 0)
(0.5625 0.675 0)
(0.6000000000000001 0.675 0)
(0.6374999999999998 0.6749999999999998 0)
(0.6749999999999999 0.675 0)
(0.7125000000000001 0.6750000000000002 0)
(0.75 0.6750000000000002 0)
(0.7875 0.6749999999999998 0)
(0.825 0.6749999999999998 0)
(0.8625 0.675 0)
(0.9 0.6749999999999999 0)
(0 0.7125000000000001 0)
(0.03750000000000005 0.7125000000000001 0)
(0.07500000000000004 0.7125000000000001 0)
(0.1125 0.7125000000000001 0)
(0.1500000000000001 0.7125 0)
(0.1875 0.7125000000000001 0)
(0.2250000000000001 0.7125000000000001 0)
(0.2625000000000001 0.7125000000000001 0)
(0.3 0.7125000000000001 0)
(0.3375 0.7125 0)
(0.375 0.7125000000000001 0)
(0.4125 0.7125000000000001 0)
(0.45 0.7125000000000001 0)
(0.4875000000000002 0.7125000000000001 0)
(0.525 0.7125000000000001 0)
(0.5625 0.7124999999999999 0)
(0.6000000000000001 0.7125000000000001 0)
(0.6374999999999998 0.7125000000000001 0)
(0.6749999999999999 0.7125000000000001 0)
(0.7125000000000001 0.7125000000000002 0)
(0.75 0.7125000000000002 0)
(0.7874999999999999 0.7124999999999999 0)
(0.825 0.7124999999999999 0)
(0.8625 0.7125000000000001 0)
(0.9 0.7125 0)
(0 0.75 0)
(0.03750000000000007 0.75 0)
(0.07500000000000004 0.75 0)
(0.1125 0.75 0)
(0.1500000000000001 0.7499999999999999 0)
(0.1875000000000001 0.75 0)
(0.2250000000000001 0.75 0)
(0.2625000000000001 0.75 0)
(0.3 0.75 0)
(0.3375 0.7499999999999999 0)
(0.375 0.75 0)
(0.4125000000000001 0.75 0)
(0.4500000000000001 0.75 0)
(0.4875000000000002 0.75 0)
(0.5250000000000002 0.75 0)
(0.5625 0.75 0)
(0.6000000000000001 0.75 0)
(0.6375000000000001 0.75 0)
(0.6749999999999999 0.75 0)
(0.7125000000000001 0.75 0)
(0.75 0.75 0)
(0.7875000000000002 0.75 0)
(0.825 0.75 0)
(0.8625 0.75 0)
(0.9000000000000001 0.75 0)
(0 0.7875 0)
(0.03750000000000006 0.7875 0)
(0.07500000000000004 0.7875 0)
(0.1125 0.7875 0)
(0.1500000000000001 0.7875000000000001 0)
(0.1875 0.7875 0)
(0.2250000000000001 0.7875000000000001 0)
(0.2625000000000001 0.7875 0)
(0.3 0.7874999999999998 0)
(0.3375 0.7875000000000001 0)
(0.375 0.7874999999999999 0)
(0.4125 0.7875 0)
(0.4499999999999999 0.7874999999999998 0)
(0.4875 0.7875000000000002 0)
(0.525 0.7875 0)
(0.5625 0.7874999999999998 0)
(0.6000000000000001 0.7875000000000002 0)
(0.6374999999999998 0.7874999999999998 0)
(0.6749999999999999 0.7875 0)
(0.7125000000000001 0.7875000000000003 0)
(0.75 0.7875000000000001 0)
(0.7875 0.7874999999999998 0)
(0.825 0.7874999999999998 0)
(0.8625 0.7874999999999998 0)
(0.9 0.7875 0)
(0 0.825 0)
(0.03750000000000006 0.825 0)
(0.07500000000000002 0.825 0)
(0.1125 0.825 0)
(0.15 0.8249999999999998 0)
(0.1875 0.825 0)
(0.2250000000000001 0.8250000000000001 0)
(0.2625000000000001 0.825 0)
(0.3 0.825 0)
(0.3375 0.8249999999999998 0)
(0.375 0.8250000000000001 0)
(0.4125 0.825 0)
(0.45 0.825 0)
(0.4875000000000002 0.825 0)
(0.525 0.825 0)
(0.5625 0.825 0)
(0.6000000000000001 0.825 0)
(0.6374999999999998 0.825 0)
(0.6749999999999999 0.825 0)
(0.7125000000000001 0.8250000000000001 0)
(0.75 0.8250000000000001 0)
(0.7875 0.825 0)
(0.825 0.825 0)
(0.8625 0.825 0)
(0.9 0.825 0)
(0 0.8625 0)
(0.03750000000000007 0.8625 0)
(0.07500000000000002 0.8625 0)
(0.1125 0.8625 0)
(0.15 0.8624999999999999 0)
(0.1875 0.8625 0)
(0.2250000000000001 0.8625000000000002 0)
(0.2625000000000001 0.8625 0)
(0.3 0.8625 0)
(0.3375 0.8624999999999999 0)
(0.375 0.8625000000000002 0)
(0.4125 0.8625 0)
(0.45 0.8624999999999999 0)
(0.4875000000000002 0.8625000000000002 0)
(0.525 0.8625000000000002 0)
(0.5625 0.8624999999999999 0)
(0.6000000000000001 0.8625000000000002 0)
(0.6374999999999998 0.8624999999999999 0)
(0.6749999999999999 0.8625000000000002 0)
(0.7125000000000001 0.8625000000000003 0)
(0.75 0.8625000000000003 0)
(0.7875 0.8624999999999997 0)
(0.825 0.8624999999999997 0)
(0.8625 0.8624999999999999 0)
(0.9 0.8624999999999999 0)
(0 0.9 0)
(0.03750000000000007 0.9 0)
(0.07500000000000004 0.9 0)
(0.1125 0.9 0)
(0.1500000000000001 0.9000000000000001 0)
(0.1875 0.9 0)
(0.2250000000000001 0.9 0)
(0.2625000000000001 0.9 0)
(0.3 0.9 0)
(0.3375 0.9 0)
(0.375 0.9 0)
(0.4125 0.9 0)
(0.45 0.8999999999999999 0)
(0.4875000000000001 0.9000000000000001 0)
(0.525 0.9 0)
(0.5625 0.8999999999999999 0)
(0.6000000000000001 0.9000000000000001 0)
(0.6375 0.8999999999999999 0)
(0.675 0.9 0)
(0.7125000000000001 0.9000000000000001 0)
(0.75 0.9 0)
(0.7875 0.8999999999999999 0)
(0.825 0.8999999999999999 0)
(0.8625 0.9 0)
(0.9 0.9 0)
(-9.830105586334292e-05 -9.826438521435708e-05 0.009892896473460068)
(0.03749149124730696 -9.882264651221457e-05 0.009936033659305964)
(0.07499886440823954 -9.896062991549795e-05 0.009945167038134067)
(0.1124998743547773 -9.897486910298022e-05 0.009946114567186966)
(0.1499999858036868 -9.897655748123389e-05 0.009946227799497463)
(0.1874999984423319 -9.897674299713674e-05 0.009946240358241284)
(0.2249999998307695 -9.897676333871344e-05 0.009946241746556422)
(0.2624999999818266 -9.897676553317778e-05 0.009946241897353318)
(0.2999999999980649 -9.89767657678648e-05 0.009946241913572039)
(0.3374999999997954 -9.897676579275497e-05 0.009946241915300351)
(0.3749999999999785 -9.89767657953773e-05 0.009946241915483165)
(0.4124999999999978 -9.897676579565209e-05 0.009946241915502358)
(0.45 -9.897676579567738e-05 0.009946241915504157)
(0.4875000000000022 -9.897676579565185e-05 0.009946241915502363)
(0.5250000000000214 -9.897676579537763e-05 0.009946241915483166)
(0.5625000000002045 -9.897676579275483e-05 0.009946241915300347)
(0.6000000000019351 -9.897676576786443e-05 0.009946241913572042)
(0.6375000000181734 -9.897676553317789e-05 0.009946241897353318)
(0.6750000001692305 -9.897676333871323e-05 0.009946241746556426)
(0.7125000015576681 -9.897674299713706e-05 0.009946240358241286)
(0.7500000141963131 -9.897655748123383e-05 0.009946227799497461)
(0.7875001256452226 -9.897486910298009e-05 0.009946114567186966)
(0.8250011355917604 -9.896062991549847e-05 0.009945167038134068)
(0.8625085087526929 -9.882264651221484e-05 0.009936033659305961)
(0.9000983010558634 -9.826438521435746e-05 0.009892896473460065)
(-9.886399636185227e-05 0.03749149661531855 0.009936033222289708)
(0.03749143690939574 0.03749144248534923 0.009979407625228608)
(0.07499885646102764 0.03749142748768464 0.009988608353049133)
(0.1124998734302062 0.03749142595338666 0.009989563078939298)
(0.1499999856952303 0.03749142576966021 0.009989677208515443)
(0.1874999984301026 0.0374914257493404 0.009989689869248225)
(0.2249999998294125 0.03749142574709569 0.00998969126905903)
(0.2624999999816784 0.03749142574685176 0.009989691421123055)
(0.2999999999980489 0.03749142574682549 0.00998969143747966)
(0.3374999999997937 0.03749142574682267 0.009989691439222806)
(0.3749999999999784 0.03749142574682236 0.009989691439407204)
(0.4124999999999977 0.03749142574682233 0.009989691439426565)
(0.45 0.03749142574682233 0.009989691439428376)
(0.4875000000000023 0.03749142574682233 0.009989691439426567)
(0.5250000000000218 0.03749142574682236 0.009989691439407207)
(0.5625000000002062 0.03749142574682265 0.009989691439222802)
(0.6000000000019509 0.03749142574682545 0.009989691437479659)
(0.6375000000183216 0.03749142574685174 0.009989691421123058)
(0.6750000001705873 0.03749142574709566 0.009989691269059027)
(0.7125000015698975 0.03749142574934036 0.009989689869248228)
(0.7500000143047696 0.03749142576966017 0.00998967720851544)
(0.7875001265697936 0.0374914259533866 0.009989563078939294)
(0.8250011435389725 0.03749142748768457 0.009988608353049142)
(0.8625085630906042 0.03749144248534918 0.009979407625228611)
(0.9000988639963619 0.03749149661531848 0.009936033222289711)
(-9.896531752757402e-05 0.07499886573486979 0.009945167337880855)
(0.03749142684848526 0.07499885745696269 0.009988608452201182)
(0.07499885483124089 0.07499885495227536 0.009997828508058748)
(0.1124998732238734 0.07499885468850065 0.009998785409704114)
(0.1499999856690352 0.0749988546557574 0.009998899821907846)
(0.1874999984269229 0.07499885465200783 0.009998912516311265)
(0.2249999998290346 0.07499885465157924 0.009998913920098185)
(0.2624999999816344 0.0749988546515311 0.009998914072621368)
(0.2999999999980438 0.07499885465152574 0.009998914089030272)
(0.3374999999997931 0.07499885465152514 0.009998914090779297)
(0.3749999999999782 0.07499885465152506 0.009998914090964348)
(0.4124999999999977 0.07499885465152505 0.009998914090983784)
(0.4499999999999998 0.07499885465152503 0.009998914090985602)
(0.4875000000000023 0.07499885465152506 0.009998914090983786)
(0.5250000000000217 0.07499885465152505 0.009998914090964353)
(0.5625000000002067 0.07499885465152512 0.009998914090779297)
(0.6000000000019561 0.07499885465152571 0.00999891408903027)
(0.6375000000183655 0.07499885465153107 0.009998914072621361)
(0.6750000001709651 0.07499885465157921 0.00999891392009818)
(0.712500001573077 0.07499885465200778 0.009998912516311274)
(0.7500000143309647 0.07499885465575737 0.009998899821907846)
(0.7875001267761266 0.07499885468850062 0.009998785409704114)
(0.8250011451687591 0.07499885495227529 0.009997828508058748)
(0.8625085731515145 0.07499885745696266 0.009988608452201186)
(0.9000989653175274 0.07499886573486975 0.00994516733788086)
(-9.897549137693627e-05 0.1124998745261312 0.009946114636587153)
(0.03749142586231163 0.1124998735523795 0.009989563104117867)
(0.07499885467030855 0.1124998732384506 0.009998785411018214)
(0.1124998732034334 0.112499873205675 0.009999742559881205)
(0.1499999856664289 0.1124998732015947 0.009999857003886971)
(0.1874999984266052 0.1124998732011264 0.009999869702046209)
(0.2249999998289967 0.1124998732010727 0.009999871106273903)
(0.2624999999816299 0.1124998732010666 0.009999871258847739)
(0.2999999999980433 0.1124998732010659 0.00999987127526239)
(0.3374999999997931 0.1124998732010658 0.00999987127701206)
(0.3749999999999782 0.1124998732010658 0.009999871277197182)
(0.4124999999999976 0.1124998732010658 0.009999871277216629)
(0.4499999999999999 0.1124998732010658 0.009999871277218448)
(0.4875000000000023 0.1124998732010659 0.009999871277216629)
(0.5250000000000217 0.1124998732010659 0.009999871277197189)
(0.5625000000002068 0.1124998732010658 0.00999987127701206)
(0.6000000000019566 0.1124998732010659 0.009999871275262388)
(0.6375000000183699 0.1124998732010666 0.009999871258847742)
(0.6750000001710033 0.1124998732010727 0.009999871106273907)
(0.7125000015733947 0.1124998732011264 0.009999869702046207)
(0.7500000143335711 0.1124998732015947 0.009999857003886968)
(0.7875001267965667 0.112499873205675 0.009999742559881203)
(0.8250011453296913 0.1124998732384505 0.009998785411018219)
(0.8625085741376882 0.1124998735523794 0.009989563104117869)
(0.9000989754913769 0.1124998745261312 0.009946114636587153)
(-9.897663022050089e-05 0.1499999858258722 0.009946227809661852)
(0.03749142575850703 0.1499999857103207 0.009989677212255034)
(0.07499885465341556 0.1499999856708041 0.009998899822109084)
(0.1124998732013021 0.1499999856667061 0.009999857003890333)
(0.1499999856661577 0.1499999856661944 0.009999971452128321)
(0.1874999984265722 0.1499999856661355 0.009999984150787251)
(0.2249999998289928 0.1499999856661287 0.009999985555073648)
(0.2624999999816295 0.149999985666128 0.009999985707654238)
(0.2999999999980433 0.1499999856661279 0.009999985724069661)
(0.337499999999793 0.1499999856661278 0.00999998572581942)
(0.3749999999999782 0.1499999856661278 0.009999985726004548)
(0.4124999999999976 0.1499999856661278 0.009999985726023992)
(0.45 0.1499999856661278 0.009999985726025815)
(0.4875000000000023 0.1499999856661278 0.009999985726023994)
(0.5250000000000217 0.1499999856661278 0.009999985726004549)
(0.5625000000002069 0.1499999856661278 0.009999985725819418)
(0.6000000000019566 0.1499999856661278 0.009999985724069661)
(0.6375000000183704 0.1499999856661279 0.009999985707654244)
(0.675000000171007 0.1499999856661287 0.009999985555073648)
(0.712500001573428 0.1499999856661354 0.009999984150787252)
(0.7500000143338422 0.1499999856661943 0.009999971452128328)
(0.787500126798698 0.1499999856667061 0.00999985700389033)
(0.8250011453465844 0.1499999856708039 0.009998899822109088)
(0.8625085742414927 0.1499999857103206 0.009989677212255034)
(0.9000989766302205 0.1499999858258722 0.009946227809661853)
(-9.897675134824562e-05 0.1874999984449771 0.009946240359589142)
(0.03749142574800983 0.1874999984318582 0.009989689869753895)
(0.07499885465171606 0.1874999984271233 0.009998912516337263)
(0.1124998732010895 0.1874999984266372 0.009999869702046572)
(0.1499999856661308 0.1874999984265765 0.00999998415078724)
(0.1874999984265689 0.1874999984265695 0.009999996849505262)
(0.2249999998289924 0.1874999984265687 0.009999998253798581)
(0.2624999999816295 0.1874999984265685 0.009999998406379967)
(0.2999999999980434 0.1874999984265686 0.009999998422795479)
(0.3374999999997931 0.1874999984265685 0.009999998424545246)
(0.3749999999999782 0.1874999984265685 0.009999998424730377)
(0.4124999999999977 0.1874999984265686 0.009999998424749825)
(0.45 0.1874999984265685 0.009999998424751641)
(0.4875000000000024 0.1874999984265686 0.009999998424749823)
(0.5250000000000219 0.1874999984265686 0.009999998424730379)
(0.5625000000002069 0.1874999984265686 0.009999998424545242)
(0.6000000000019569 0.1874999984265686 0.009999998422795482)
(0.6375000000183706 0.1874999984265686 0.009999998406379971)
(0.6750000001710076 0.1874999984265686 0.009999998253798579)
(0.7125000015734313 0.1874999984265694 0.009999996849505255)
(0.7500000143338693 0.1874999984265764 0.009999984150787242)
(0.7875001267989107 0.1874999984266371 0.009999869702046575)
(0.8250011453482839 0.1874999984271233 0.00999891251633727)
(0.8625085742519902 0.1874999984318581 0.0099896898697539)
(0.9000989767513483 0.1874999984449771 0.009946240359589135)
(-9.897676427073849e-05 0.224999999831076 0.009946241746721689)
(0.03749142574694257 0.2249999998296126 0.009989691269121932)
(0.07499885465154427 0.2249999998290569 0.009998913920101063)
(0.1124998732010682 0.2249999998290004 0.009999871106273888)
(0.1499999856661281 0.2249999998289934 0.009999985555073636)
(0.1874999984265686 0.2249999998289925 0.009999998253798581)
(0.2249999998289924 0.2249999998289924 0.00999999965809271)
(0.2624999999816294 0.2249999998289924 0.009999999810674187)
(0.2999999999980433 0.2249999998289924 0.009999999827089708)
(0.3374999999997931 0.2249999998289924 0.00999999982883948)
(0.3749999999999782 0.2249999998289924 0.00999999982902461)
(0.4124999999999977 0.2249999998289924 0.009999999829044055)
(0.4499999999999999 0.2249999998289924 0.009999999829045876)
(0.4875000000000023 0.2249999998289924 0.009999999829044048)
(0.5250000000000217 0.2249999998289924 0.009999999829024614)
(0.5625000000002068 0.2249999998289924 0.009999999828839479)
(0.6000000000019567 0.2249999998289924 0.009999999827089708)
(0.6375000000183706 0.2249999998289924 0.00999999981067419)
(0.6750000001710074 0.2249999998289924 0.009999999658092708)
(0.7125000015734315 0.2249999998289924 0.009999998253798575)
(0.750000014333872 0.2249999998289933 0.009999985555073639)
(0.7875001267989316 0.2249999998290002 0.009999871106273889)
(0.8250011453484557 0.2249999998290567 0.009998913920101063)
(0.8625085742530574 0.2249999998296124 0.009989691269121932)
(0.9000989767642708 0.2249999998310759 0.009946241746721686)
(-9.897676563555037e-05 0.2624999999818611 0.009946241897372761)
(0.03749142574683447 0.2624999999817007 0.009989691421130556)
(0.07499885465152696 0.2624999999816368 0.00999891407262166)
(0.1124998732010661 0.2624999999816304 0.009999871258847725)
(0.1499999856661278 0.2624999999816296 0.009999985707654237)
(0.1874999984265686 0.2624999999816295 0.009999998406379967)
(0.2249999998289924 0.2624999999816294 0.009999999810674187)
(0.2624999999816294 0.2624999999816295 0.009999999963255681)
(0.2999999999980433 0.2624999999816294 0.009999999979671197)
(0.337499999999793 0.2624999999816295 0.009999999981420968)
(0.3749999999999782 0.2624999999816295 0.009999999981606104)
(0.4124999999999977 0.2624999999816294 0.009999999981625544)
(0.4499999999999999 0.2624999999816295 0.009999999981627363)
(0.4875000000000022 0.2624999999816295 0.009999999981625547)
(0.5250000000000218 0.2624999999816294 0.009999999981606101)
(0.5625000000002069 0.2624999999816294 0.009999999981420964)
(0.6000000000019567 0.2624999999816295 0.009999999979671204)
(0.6375000000183705 0.2624999999816294 0.009999999963255679)
(0.6750000001710073 0.2624999999816295 0.009999999810674185)
(0.7125000015734314 0.2624999999816295 0.009999998406379967)
(0.7500000143338722 0.2624999999816295 0.00999998570765424)
(0.7875001267989339 0.2624999999816303 0.009999871258847734)
(0.825001145348473 0.2624999999816368 0.009998914072621658)
(0.8625085742531653 0.2624999999817006 0.009989691421130549)
(0.9000989767656354 0.2624999999818611 0.009946241897372757)
(-9.897676577895934e-05 0.2999999999980688 0.009946241913574252)
(0.03749142574682356 0.2999999999980515 0.009989691437480529)
(0.07499885465152527 0.2999999999980443 0.0099989140890303)
(0.1124998732010659 0.2999999999980435 0.009999871275262386)
(0.1499999856661278 0.2999999999980433 0.009999985724069661)
(0.1874999984265686 0.2999999999980433 0.009999998422795479)
(0.2249999998289924 0.2999999999980433 0.00999999982708971)
(0.2624999999816295 0.2999999999980434 0.009999999979671201)
(0.2999999999980433 0.2999999999980433 0.009999999996086721)
(0.3374999999997931 0.2999999999980433 0.009999999997836496)
(0.3749999999999782 0.2999999999980434 0.009999999998021623)
(0.4124999999999978 0.2999999999980433 0.009999999998041067)
(0.45 0.2999999999980433 0.00999999999804289)
(0.4875000000000024 0.2999999999980434 0.009999999998041069)
(0.5250000000000219 0.2999999999980434 0.009999999998021623)
(0.5625000000002071 0.2999999999980433 0.009999999997836488)
(0.6000000000019567 0.2999999999980434 0.009999999996086719)
(0.6375000000183706 0.2999999999980432 0.009999999979671206)
(0.6750000001710077 0.2999999999980433 0.009999999827089708)
(0.7125000015734316 0.2999999999980433 0.009999998422795474)
(0.7500000143338723 0.2999999999980433 0.009999985724069663)
(0.7875001267989341 0.2999999999980434 0.00999987127526239)
(0.8250011453484748 0.2999999999980441 0.009998914089030302)
(0.8625085742531765 0.2999999999980514 0.009989691437480533)
(0.9000989767657791 0.2999999999980687 0.009946241913574252)
(-9.897676579394534e-05 0.337499999999796 0.009946241915300597)
(0.03749142574682244 0.337499999999794 0.009989691439222907)
(0.07499885465152505 0.3374999999997932 0.009998914090779305)
(0.1124998732010658 0.3374999999997931 0.009999871277012063)
(0.1499999856661278 0.3374999999997931 0.009999985725819418)
(0.1874999984265686 0.3374999999997931 0.009999998424545246)
(0.2249999998289924 0.3374999999997931 0.009999999828839482)
(0.2624999999816294 0.3374999999997931 0.00999999998142097)
(0.2999999999980433 0.3374999999997931 0.009999999997836495)
(0.337499999999793 0.3374999999997931 0.00999999999958626)
(0.3749999999999782 0.3374999999997931 0.009999999999771397)
(0.4124999999999977 0.3374999999997931 0.009999999999790839)
(0.4499999999999999 0.3374999999997931 0.009999999999792657)
(0.4875000000000023 0.3374999999997931 0.009999999999790839)
(0.5250000000000217 0.3374999999997931 0.009999999999771393)
(0.5625000000002069 0.3374999999997931 0.009999999999586262)
(0.6000000000019567 0.3374999999997931 0.009999999997836493)
(0.6375000000183705 0.337499999999793 0.009999999981420975)
(0.6750000001710075 0.3374999999997931 0.009999999828839479)
(0.7125000015734312 0.3374999999997931 0.009999998424545247)
(0.7500000143338722 0.3374999999997932 0.009999985725819418)
(0.7875001267989339 0.3374999999997931 0.009999871277012053)
(0.8250011453484747 0.3374999999997931 0.009998914090779302)
(0.8625085742531774 0.337499999999794 0.00998969143922291)
(0.9000989767657939 0.3374999999997959 0.009946241915300599)
(-9.897676579550387e-05 0.3749999999999786 0.009946241915483196)
(0.03749142574682233 0.3749999999999784 0.009989691439407214)
(0.07499885465152506 0.3749999999999783 0.009998914090964348)
(0.1124998732010659 0.3749999999999782 0.009999871277197186)
(0.1499999856661278 0.3749999999999782 0.009999985726004551)
(0.1874999984265686 0.3749999999999782 0.009999998424730381)
(0.2249999998289924 0.3749999999999782 0.009999999829024612)
(0.2624999999816294 0.3749999999999782 0.009999999981606106)
(0.2999999999980433 0.3749999999999782 0.009999999998021626)
(0.3374999999997931 0.3749999999999782 0.009999999999771391)
(0.3749999999999782 0.3749999999999782 0.009999999999956532)
(0.4124999999999977 0.3749999999999782 0.009999999999975973)
(0.45 0.3749999999999782 0.009999999999977791)
(0.4875000000000023 0.3749999999999782 0.009999999999975973)
(0.5250000000000217 0.3749999999999782 0.009999999999956526)
(0.5625000000002069 0.3749999999999782 0.009999999999771391)
(0.6000000000019567 0.3749999999999782 0.00999999999802163)
(0.6375000000183705 0.3749999999999782 0.009999999981606108)
(0.6750000001710077 0.3749999999999782 0.009999999829024608)
(0.7125000015734314 0.3749999999999782 0.009999998424730372)
(0.7500000143338723 0.3749999999999782 0.009999985726004555)
(0.7875001267989342 0.3749999999999782 0.009999871277197186)
(0.8250011453484749 0.3749999999999783 0.009998914090964352)
(0.8625085742531776 0.3749999999999784 0.009989691439407217)
(0.9000989767657955 0.3749999999999786 0.009946241915483196)
(-9.897676579566558e-05 0.4124999999999978 0.009946241915502363)
(0.03749142574682233 0.4124999999999978 0.009989691439426567)
(0.07499885465152506 0.4124999999999977 0.009998914090983782)
(0.1124998732010659 0.4124999999999978 0.009999871277216625)
(0.1499999856661278 0.4124999999999979 0.009999985726023992)
(0.1874999984265686 0.4124999999999978 0.009999998424749822)
(0.2249999998289924 0.4124999999999977 0.009999999829044051)
(0.2624999999816295 0.4124999999999977 0.009999999981625545)
(0.2999999999980434 0.4124999999999978 0.009999999998041069)
(0.3374999999997931 0.4124999999999977 0.009999999999790838)
(0.3749999999999782 0.4124999999999977 0.009999999999975969)
(0.4124999999999978 0.4124999999999977 0.009999999999995412)
(0.4500000000000001 0.4124999999999976 0.009999999999997232)
(0.4875000000000023 0.4124999999999977 0.009999999999995415)
(0.5250000000000219 0.4124999999999977 0.009999999999975973)
(0.5625000000002071 0.4124999999999977 0.009999999999790834)
(0.6000000000019569 0.4124999999999977 0.009999999998041065)
(0.6375000000183706 0.4124999999999977 0.009999999981625547)
(0.6750000001710077 0.4124999999999977 0.009999999829044051)
(0.7125000015734316 0.4124999999999977 0.009999998424749823)
(0.7500000143338724 0.4124999999999978 0.009999985726023996)
(0.7875001267989342 0.4124999999999977 0.009999871277216629)
(0.825001145348475 0.4124999999999977 0.009998914090983784)
(0.8625085742531777 0.4124999999999977 0.009989691439426561)
(0.9000989767657958 0.4124999999999978 0.009946241915502361)
(-9.897676579568007e-05 0.45 0.009946241915504162)
(0.03749142574682232 0.45 0.009989691439428378)
(0.07499885465152503 0.4499999999999999 0.009998914090985609)
(0.1124998732010658 0.4499999999999999 0.009999871277218445)
(0.1499999856661278 0.4500000000000001 0.009999985726025814)
(0.1874999984265685 0.45 0.009999998424751643)
(0.2249999998289924 0.45 0.009999999829045878)
(0.2624999999816295 0.45 0.009999999981627365)
(0.2999999999980433 0.4499999999999999 0.00999999999804289)
(0.3374999999997931 0.4499999999999999 0.009999999999792661)
(0.3749999999999782 0.45 0.009999999999977794)
(0.4124999999999977 0.4499999999999999 0.009999999999997232)
(0.4499999999999999 0.4499999999999999 0.009999999999999058)
(0.4875000000000023 0.45 0.009999999999997237)
(0.5250000000000217 0.45 0.009999999999977789)
(0.5625000000002069 0.4499999999999999 0.009999999999792652)
(0.6000000000019566 0.45 0.009999999998042889)
(0.6375000000183705 0.4499999999999999 0.009999999981627369)
(0.6750000001710077 0.4499999999999999 0.009999999829045871)
(0.7125000015734316 0.45 0.009999998424751643)
(0.7500000143338723 0.45 0.009999985726025812)
(0.7875001267989341 0.4499999999999999 0.009999871277218447)
(0.8250011453484749 0.4499999999999999 0.009998914090985602)
(0.8625085742531774 0.4499999999999999 0.009989691439428385)
(0.9000989767657955 0.45 0.00994624191550416)
(-9.897676579566518e-05 0.4875000000000023 0.009946241915502363)
(0.03749142574682233 0.4875000000000023 0.00998969143942656)
(0.07499885465152503 0.4875000000000024 0.009998914090983784)
(0.1124998732010658 0.4875000000000023 0.009999871277216629)
(0.1499999856661278 0.4875000000000024 0.009999985726023994)
(0.1874999984265686 0.4875000000000023 0.009999998424749825)
(0.2249999998289924 0.4875000000000023 0.009999999829044055)
(0.2624999999816295 0.4875000000000023 0.009999999981625547)
(0.2999999999980433 0.4875000000000023 0.009999999998041072)
(0.3374999999997931 0.4875000000000022 0.009999999999790839)
(0.3749999999999782 0.4875000000000023 0.009999999999975973)
(0.4124999999999978 0.4875000000000023 0.009999999999995414)
(0.45 0.4875000000000023 0.009999999999997237)
(0.4875000000000023 0.4875000000000024 0.009999999999995419)
(0.5250000000000217 0.4875000000000023 0.009999999999975969)
(0.5625000000002069 0.4875000000000023 0.009999999999790834)
(0.6000000000019567 0.4875000000000024 0.009999999998041071)
(0.6375000000183705 0.4875000000000023 0.009999999981625551)
(0.6750000001710076 0.4875000000000023 0.009999999829044055)
(0.7125000015734316 0.4875000000000024 0.009999998424749815)
(0.7500000143338723 0.4875000000000023 0.009999985726023997)
(0.7875001267989341 0.4875000000000023 0.00999987127721663)
(0.825001145348475 0.4875000000000022 0.009998914090983786)
(0.8625085742531777 0.4875000000000023 0.009989691439426572)
(0.9000989767657956 0.4875000000000022 0.009946241915502363)
(-9.897676579550399e-05 0.5250000000000214 0.009946241915483194)
(0.03749142574682234 0.5250000000000214 0.009989691439407214)
(0.07499885465152506 0.5250000000000217 0.009998914090964343)
(0.1124998732010658 0.5250000000000217 0.009999871277197182)
(0.1499999856661278 0.5250000000000219 0.009999985726004544)
(0.1874999984265685 0.5250000000000217 0.009999998424730379)
(0.2249999998289924 0.5250000000000217 0.009999999829024605)
(0.2624999999816295 0.5250000000000217 0.009999999981606103)
(0.2999999999980433 0.5250000000000217 0.00999999999802163)
(0.3374999999997931 0.5250000000000216 0.009999999999771391)
(0.3749999999999782 0.5250000000000217 0.009999999999956523)
(0.4124999999999977 0.5250000000000217 0.009999999999975969)
(0.4499999999999999 0.5250000000000217 0.009999999999977791)
(0.4875000000000022 0.5250000000000219 0.009999999999975969)
(0.5250000000000217 0.5250000000000217 0.009999999999956521)
(0.5625000000002069 0.5250000000000217 0.009999999999771388)
(0.6000000000019567 0.5250000000000219 0.009999999998021626)
(0.6375000000183705 0.5250000000000217 0.009999999981606108)
(0.6750000001710076 0.5250000000000217 0.009999999829024607)
(0.7125000015734316 0.5250000000000219 0.009999998424730368)
(0.7500000143338723 0.5250000000000217 0.009999985726004551)
(0.7875001267989341 0.5250000000000217 0.009999871277197191)
(0.8250011453484749 0.5250000000000217 0.009998914090964353)
(0.8625085742531777 0.5250000000000216 0.009989691439407219)
(0.9000989767657955 0.5250000000000214 0.009946241915483194)
(-9.897676579394542e-05 0.5625000000002042 0.009946241915300595)
(0.03749142574682246 0.5625000000002059 0.009989691439222908)
(0.07499885465152509 0.5625000000002068 0.009998914090779295)
(0.1124998732010659 0.5625000000002069 0.009999871277012056)
(0.1499999856661278 0.5625000000002068 0.009999985725819414)
(0.1874999984265685 0.5625000000002069 0.009999998424545242)
(0.2249999998289924 0.5625000000002069 0.009999999828839472)
(0.2624999999816295 0.5625000000002069 0.009999999981420968)
(0.2999999999980433 0.5625000000002068 0.00999999999783649)
(0.3374999999997931 0.5625000000002068 0.009999999999586253)
(0.3749999999999782 0.5625000000002069 0.00999999999977139)
(0.4124999999999977 0.5625000000002069 0.009999999999790829)
(0.45 0.5625000000002069 0.009999999999792652)
(0.4875000000000023 0.5625000000002069 0.009999999999790836)
(0.5250000000000217 0.5625000000002069 0.00999999999977139)
(0.5625000000002069 0.5625000000002069 0.009999999999586251)
(0.6000000000019567 0.5625000000002069 0.00999999999783649)
(0.6375000000183705 0.5625000000002068 0.009999999981420968)
(0.6750000001710076 0.5625000000002069 0.009999999828839472)
(0.7125000015734316 0.5625000000002069 0.009999998424545235)
(0.7500000143338723 0.5625000000002069 0.009999985725819414)
(0.7875001267989341 0.5625000000002068 0.00999987127701206)
(0.8250011453484749 0.5625000000002067 0.009998914090779298)
(0.8625085742531776 0.5625000000002059 0.009989691439222907)
(0.900098976765794 0.5625000000002042 0.009946241915300597)
(-9.897676577895915e-05 0.6000000000019313 0.009946241913574256)
(0.03749142574682357 0.6000000000019488 0.009989691437480526)
(0.07499885465152527 0.600000000001956 0.009998914089030302)
(0.1124998732010659 0.6000000000019567 0.009999871275262391)
(0.1499999856661278 0.6000000000019566 0.009999985724069665)
(0.1874999984265685 0.6000000000019567 0.00999999842279548)
(0.2249999998289924 0.6000000000019567 0.00999999982708971)
(0.2624999999816295 0.6000000000019567 0.009999999979671204)
(0.2999999999980433 0.6000000000019567 0.009999999996086719)
(0.3374999999997931 0.6000000000019567 0.009999999997836493)
(0.3749999999999782 0.6000000000019569 0.00999999999802163)
(0.4124999999999978 0.6000000000019567 0.009999999998041069)
(0.45 0.6000000000019567 0.00999999999804289)
(0.4875000000000023 0.6000000000019569 0.009999999998041069)
(0.5250000000000217 0.6000000000019569 0.009999999998021626)
(0.5625000000002069 0.6000000000019567 0.00999999999783649)
(0.6000000000019567 0.6000000000019569 0.009999999996086726)
(0.6375000000183705 0.6000000000019565 0.009999999979671201)
(0.6750000001710076 0.6000000000019569 0.009999999827089706)
(0.7125000015734316 0.600000000001957 0.009999998422795475)
(0.7500000143338723 0.6000000000019567 0.009999985724069665)
(0.7875001267989342 0.6000000000019566 0.009999871275262386)
(0.8250011453484748 0.6000000000019556 0.009998914089030295)
(0.8625085742531765 0.6000000000019486 0.009989691437480529)
(0.900098976765779 0.6000000000019312 0.009946241913574259)
(-9.897676563555078e-05 0.6375000000181389 0.009946241897372757)
(0.03749142574683451 0.6375000000182992 0.009989691421130554)
(0.074998854651527 0.6375000000183632 0.009998914072621663)
(0.1124998732010661 0.6375000000183696 0.00999987125884773)
(0.1499999856661279 0.6375000000183705 0.00999998570765424)
(0.1874999984265686 0.6375000000183704 0.009999998406379971)
(0.2249999998289924 0.6375000000183705 0.00999999981067419)
(0.2624999999816295 0.6375000000183705 0.009999999963255681)
(0.2999999999980433 0.6375000000183705 0.009999999979671204)
(0.3374999999997932 0.6375000000183704 0.009999999981420971)
(0.3749999999999782 0.6375000000183706 0.009999999981606108)
(0.4124999999999978 0.6375000000183705 0.009999999981625547)
(0.4500000000000001 0.6375000000183705 0.009999999981627369)
(0.4875000000000023 0.6375000000183706 0.009999999981625551)
(0.5250000000000217 0.6375000000183705 0.009999999981606104)
(0.5625000000002069 0.6375000000183705 0.009999999981420968)
(0.6000000000019567 0.6375000000183706 0.009999999979671203)
(0.6375000000183705 0.6375000000183705 0.009999999963255683)
(0.6750000001710078 0.6375000000183705 0.009999999810674187)
(0.7125000015734316 0.6375000000183707 0.009999998406379964)
(0.7500000143338722 0.6375000000183705 0.009999985707654244)
(0.7875001267989339 0.6375000000183695 0.00999987125884773)
(0.825001145348473 0.637500000018363 0.00999891407262166)
(0.8625085742531655 0.6375000000182992 0.009989691421130556)
(0.9000989767656356 0.6375000000181389 0.009946241897372757)
(-9.897676427073873e-05 0.6750000001689241 0.009946241746721686)
(0.03749142574694259 0.6750000001703875 0.009989691269121933)
(0.07499885465154431 0.6750000001709432 0.009998913920101063)
(0.1124998732010682 0.6750000001709996 0.009999871106273888)
(0.1499999856661282 0.6750000001710067 0.009999985555073636)
(0.1874999984265686 0.6750000001710075 0.009999998253798575)
(0.2249999998289925 0.6750000001710076 0.009999999658092704)
(0.2624999999816295 0.6750000001710076 0.009999999810674188)
(0.2999999999980433 0.6750000001710076 0.009999999827089708)
(0.3374999999997931 0.6750000001710076 0.009999999828839475)
(0.3749999999999782 0.6750000001710077 0.00999999982902461)
(0.4124999999999978 0.6750000001710076 0.009999999829044051)
(0.45 0.6750000001710077 0.009999999829045873)
(0.4875000000000023 0.6750000001710077 0.009999999829044051)
(0.5250000000000217 0.6750000001710077 0.009999999829024608)
(0.5625000000002069 0.6750000001710077 0.009999999828839472)
(0.6000000000019567 0.6750000001710077 0.009999999827089708)
(0.6375000000183705 0.6750000001710075 0.009999999810674187)
(0.6750000001710076 0.6750000001710077 0.009999999658092704)
(0.7125000015734315 0.6750000001710077 0.00999999825379857)
(0.750000014333872 0.6750000001710069 0.009999985555073639)
(0.7875001267989318 0.6750000001709995 0.009999871106273889)
(0.8250011453484557 0.6750000001709431 0.009998913920101059)
(0.8625085742530575 0.6750000001703876 0.009989691269121933)
(0.9000989767642708 0.675000000168924 0.009946241746721686)
(-9.897675134824567e-05 0.712500001555023 0.009946240359589142)
(0.03749142574800987 0.712500001568142 0.009989689869753897)
(0.07499885465171609 0.7125000015728769 0.009998912516337262)
(0.1124998732010895 0.712500001573363 0.009999869702046568)
(0.1499999856661308 0.7125000015734236 0.00999998415078724)
(0.1874999984265689 0.7125000015734307 0.009999996849505255)
(0.2249999998289925 0.7125000015734315 0.009999998253798579)
(0.2624999999816295 0.7125000015734316 0.009999998406379962)
(0.2999999999980433 0.7125000015734316 0.009999998422795479)
(0.3374999999997931 0.7125000015734315 0.009999998424545241)
(0.3749999999999782 0.7125000015734316 0.009999998424730375)
(0.4124999999999978 0.7125000015734316 0.009999998424749815)
(0.45 0.7125000015734316 0.00999999842475164)
(0.4875000000000024 0.7125000015734316 0.009999998424749816)
(0.5250000000000217 0.7125000015734316 0.009999998424730368)
(0.5625000000002069 0.7125000015734314 0.009999998424545242)
(0.6000000000019567 0.7125000015734316 0.009999998422795475)
(0.6375000000183705 0.7125000015734316 0.009999998406379971)
(0.6750000001710075 0.7125000015734315 0.009999998253798577)
(0.7125000015734313 0.7125000015734309 0.009999996849505248)
(0.7500000143338693 0.7125000015734239 0.00999998415078724)
(0.7875001267989103 0.7125000015733628 0.009999869702046575)
(0.8250011453482839 0.7125000015728766 0.009998912516337267)
(0.8625085742519901 0.712500001568142 0.009989689869753893)
(0.9000989767513483 0.7125000015550229 0.009946240359589138)
(-9.89766302205001e-05 0.7500000141741279 0.00994622780966186)
(0.03749142575850709 0.7500000142896793 0.00998967721225503)
(0.07499885465341559 0.7500000143291959 0.009998899822109084)
(0.1124998732013021 0.7500000143332939 0.009999857003890337)
(0.1499999856661578 0.7500000143338056 0.009999971452128328)
(0.1874999984265723 0.7500000143338647 0.009999984150787251)
(0.2249999998289929 0.7500000143338713 0.009999985555073653)
(0.2624999999816295 0.7500000143338722 0.009999985707654244)
(0.2999999999980433 0.7500000143338722 0.009999985724069661)
(0.3374999999997931 0.7500000143338722 0.009999985725819418)
(0.3749999999999782 0.7500000143338723 0.009999985726004553)
(0.4124999999999979 0.7500000143338723 0.009999985726023994)
(0.4500000000000001 0.7500000143338723 0.009999985726025814)
(0.4875000000000024 0.7500000143338723 0.009999985726023997)
(0.5250000000000219 0.7500000143338723 0.009999985726004551)
(0.5625000000002069 0.7500000143338722 0.009999985725819414)
(0.6000000000019567 0.7500000143338723 0.009999985724069667)
(0.6375000000183706 0.7500000143338721 0.009999985707654244)
(0.6750000001710071 0.7500000143338713 0.00999998555507365)
(0.712500001573428 0.7500000143338647 0.009999984150787254)
(0.7500000143338422 0.7500000143338057 0.009999971452128331)
(0.7875001267986981 0.7500000143332939 0.00999985700389033)
(0.8250011453465844 0.7500000143291959 0.009998899822109089)
(0.862508574241493 0.7500000142896793 0.009989677212255028)
(0.9000989766302206 0.7500000141741279 0.009946227809661855)
(-9.897549137693607e-05 0.7875001254738687 0.009946114636587157)
(0.03749142586231169 0.7875001264476206 0.009989563104117869)
(0.0749988546703086 0.7875001267615495 0.009998785411018216)
(0.1124998732034334 0.7875001267943249 0.009999742559881203)
(0.149999985666429 0.7875001267984054 0.009999857003886971)
(0.1874999984266053 0.7875001267988736 0.009999869702046214)
(0.2249999998289968 0.7875001267989274 0.009999871106273903)
(0.26249999998163 0.7875001267989333 0.009999871258847742)
(0.2999999999980434 0.7875001267989338 0.009999871275262393)
(0.3374999999997931 0.7875001267989342 0.009999871277012061)
(0.3749999999999782 0.787500126798934 0.009999871277197186)
(0.4124999999999978 0.7875001267989341 0.009999871277216627)
(0.4499999999999999 0.7875001267989339 0.00999987127721845)
(0.4875000000000023 0.7875001267989343 0.009999871277216629)
(0.5250000000000217 0.7875001267989341 0.009999871277197186)
(0.5625000000002069 0.7875001267989339 0.009999871277012053)
(0.6000000000019567 0.7875001267989342 0.00999987127526239)
(0.6375000000183699 0.7875001267989331 0.009999871258847739)
(0.6750000001710031 0.7875001267989273 0.009999871106273903)
(0.7125000015733949 0.7875001267988739 0.009999869702046211)
(0.7500000143335711 0.7875001267984054 0.009999857003886968)
(0.7875001267965667 0.7875001267943247 0.009999742559881205)
(0.8250011453296915 0.7875001267615492 0.009998785411018219)
(0.8625085741376883 0.7875001264476204 0.009989563104117867)
(0.900098975491377 0.7875001254738687 0.009946114636587159)
(-9.896531752757448e-05 0.8250011342651302 0.009945167337880853)
(0.03749142684848532 0.8250011425430372 0.009988608452201189)
(0.07499885483124091 0.8250011450477246 0.00999782850805875)
(0.1124998732238734 0.8250011453114994 0.009998785409704111)
(0.1499999856690353 0.8250011453442425 0.009998899821907839)
(0.1874999984269229 0.8250011453479922 0.009998912516311265)
(0.2249999998290348 0.8250011453484208 0.009998913920098183)
(0.2624999999816344 0.8250011453484689 0.009998914072621368)
(0.2999999999980439 0.8250011453484742 0.009998914089030274)
(0.3374999999997932 0.8250011453484748 0.009998914090779295)
(0.3749999999999783 0.825001145348475 0.00999891409096435)
(0.4124999999999977 0.825001145348475 0.009998914090983777)
(0.45 0.8250011453484749 0.009998914090985609)
(0.4875000000000024 0.825001145348475 0.009998914090983784)
(0.5250000000000217 0.8250011453484749 0.009998914090964341)
(0.5625000000002068 0.8250011453484749 0.009998914090779293)
(0.6000000000019562 0.8250011453484744 0.009998914089030272)
(0.6375000000183655 0.8250011453484689 0.009998914072621361)
(0.6750000001709653 0.8250011453484207 0.009998913920098183)
(0.7125000015730772 0.8250011453479923 0.009998912516311262)
(0.7500000143309647 0.8250011453442427 0.009998899821907848)
(0.7875001267761266 0.8250011453114994 0.009998785409704112)
(0.8250011451687591 0.8250011450477246 0.009997828508058752)
(0.8625085731515147 0.8250011425430372 0.009988608452201193)
(0.9000989653175275 0.8250011342651302 0.009945167337880857)
(-9.886399636185216e-05 0.8625085033846815 0.009936033222289711)
(0.0374914369093958 0.8625085575146508 0.009979407625228608)
(0.07499885646102766 0.8625085725123155 0.009988608353049131)
(0.1124998734302062 0.8625085740466134 0.009989563078939296)
(0.1499999856952304 0.8625085742303399 0.009989677208515438)
(0.1874999984301026 0.8625085742506597 0.009989689869248223)
(0.2249999998294127 0.8625085742529045 0.009989691269059029)
(0.2624999999816784 0.8625085742531483 0.009989691421123055)
(0.299999999998049 0.8625085742531746 0.009989691437479659)
(0.3374999999997937 0.8625085742531773 0.009989691439222813)
(0.3749999999999784 0.8625085742531778 0.009989691439407204)
(0.4124999999999978 0.8625085742531777 0.009989691439426565)
(0.45 0.8625085742531776 0.009989691439428385)
(0.4875000000000024 0.8625085742531778 0.009989691439426573)
(0.5250000000000217 0.8625085742531778 0.009989691439407204)
(0.5625000000002062 0.8625085742531773 0.009989691439222806)
(0.6000000000019511 0.8625085742531747 0.009989691437479666)
(0.6375000000183214 0.8625085742531483 0.009989691421123055)
(0.6750000001705874 0.8625085742529045 0.009989691269059027)
(0.7125000015698975 0.8625085742506599 0.009989689869248227)
(0.7500000143047696 0.86250857423034 0.009989677208515436)
(0.7875001265697937 0.8625085740466132 0.009989563078939293)
(0.8250011435389724 0.8625085725123152 0.009988608353049138)
(0.8625085630906043 0.8625085575146507 0.009979407625228608)
(0.9000988639963619 0.8625085033846814 0.009936033222289711)
(-9.83010558633427e-05 0.9000982643852143 0.00989289647346007)
(0.03749149124730703 0.9000988226465122 0.009936033659305964)
(0.07499886440823958 0.9000989606299156 0.009945167038134068)
(0.1124998743547773 0.900098974869103 0.00994611456718697)
(0.1499999858036869 0.9000989765574814 0.009946227799497467)
(0.1874999984423319 0.9000989767429971 0.009946240358241284)
(0.2249999998307697 0.9000989767633387 0.009946241746556426)
(0.2624999999818267 0.9000989767655332 0.009946241897353318)
(0.299999999998065 0.9000989767657679 0.009946241913572044)
(0.3374999999997955 0.9000989767657928 0.009946241915300353)
(0.3749999999999785 0.9000989767657954 0.009946241915483163)
(0.4124999999999978 0.9000989767657956 0.009946241915502359)
(0.45 0.9000989767657955 0.009946241915504157)
(0.4875000000000023 0.9000989767657958 0.009946241915502363)
(0.5250000000000214 0.9000989767657954 0.00994624191548316)
(0.5625000000002045 0.9000989767657926 0.009946241915300344)
(0.6000000000019352 0.900098976765768 0.009946241913572042)
(0.6375000000181734 0.9000989767655331 0.009946241897353325)
(0.6750000001692306 0.9000989767633387 0.009946241746556426)
(0.7125000015576682 0.9000989767429972 0.009946240358241286)
(0.7500000141963131 0.9000989765574813 0.00994622779949746)
(0.7875001256452226 0.9000989748691028 0.009946114567186968)
(0.8250011355917604 0.9000989606299155 0.009945167038134067)
(0.862508508752693 0.9000988226465122 0.009936033659305964)
(0.9000983010558634 0.9000982643852143 0.009892896473460068)
)
