/*--------------------------------*- C++ -*----------------------------------*\
| =========                 |                                                 |
| \\      /  F ield         | OpenFOAM: The Open Source CFD Toolbox           |
|  \\    /   O peration     | Version:  2512                                  |
|   \\  /    A nd           | Website:  www.openfoam.com                      |
|    \\/     M anipulation  |                                                 |
\*---------------------------------------------------------------------------*/
FoamFile
{
    version     2.0;
    format      ascii;
    arch        "LSB;label=32;scalar=64";
    class       volScalarField;
    location    "0";
    object      T;
}
// * * * * * * * * * * * * * * * * * * * * * * * * * * * * * * * * * * * * * //

dimensions      [0 0 0 1 0 0 0];

internalField   nonuniform List<scalar> 
576
(
0.0066722
0.00727712
0.00783787
0.00673452
0.00727712
0.0078365
0.00794896
0.00727712
0.0078362
0.00839504
0.00727712
0.00783617
0.00819211
0.00727712
0.00783617
0.0077008
0.00727712
0.00783617
0.00712178
0.00727712
0.00783617
0.00702193
0.00727712
0.00783617
0.0077472
0.00727712
0.00783617
0.00876488
0.00727712
0.00783617
0.00926862
0.00727712
0.00783617
0.00907577
0.00727712
0.00783617
0.00862579
0.00727712
0.00783617
0.0082706
0.00727712
0.00783617
0.00786865
0.00727712
0.00783617
0.00720852
0.00727712
0.00783617
0.00669179
0.00727712
0.00783617
0.00708968
0.00727712
0.00783617
0.00819826
0.00727712
0.00783617
0.00852527
0.00727712
0.00783617
0.00775055
0.00727712
0.00783617
0.0078803
0.00727712
0.0078362
0.00896133
0.00727712
0.0078365
0.00709842
0.00727712
0.00783787
0.0066722
0.00814799
0.0078373
0.00673452
0.00814799
0.00783592
0.00794896
0.00814799
0.00783562
0.00839504
0.00814799
0.00783559
0.00819211
0.00814799
0.00783559
0.0077008
0.00814799
0.00783559
0.00712178
0.00814799
0.00783559
0.00702193
0.00814799
0.00783559
0.0077472
0.00814799
0.00783559
0.00876488
0.00814799
0.00783559
0.00926862
0.00814799
0.00783559
0.00907577
0.00814799
0.00783559
0.00862579
0.00814799
0.00783559
0.0082706
0.00814799
0.00783559
0.00786865
0.00814799
0.00783559
0.00720852
0.00814799
0.00783559
0.00669179
0.00814799
0.00783559
0.00708968
0.00814799
0.00783559
0.00819826
0.00814799
0.00783559
0.00852527
0.00814799
0.00783559
0.00775055
0.00814799
0.00783559
0.0078803
0.00814799
0.00783562
0.00896133
0.00814799
0.00783592
0.00709844
0.00814799
0.0078373
0.0066722
0.00843457
0.00783717
0.00673452
0.00843457
0.00783579
0.00794896
0.00843457
0.0078355
0.00839504
0.00843457
0.00783547
0.00819211
0.00843457
0.00783547
0.0077008
0.00843457
0.00783547
0.00712178
0.00843457
0.00783547
0.00702193
0.00843457
0.00783547
0.0077472
0.00843457
0.00783547
0.00876488
0.00843457
0.00783547
0.00926862
0.00843457
0.00783547
0.00907577
0.00843457
0.00783547
0.00862579
0.00843457
0.00783547
0.0082706
0.00843457
0.00783547
0.00786865
0.00843457
0.00783547
0.00720852
0.00843457
0.00783547
0.00669179
0.00843457
0.00783547
0.00708968
0.00843457
0.00783547
0.00819826
0.00843457
0.00783547
0.00852527
0.00843457
0.00783547
0.00775055
0.00843457
0.00783547
0.0078803
0.00843457
0.0078355
0.00896133
0.00843457
0.00783579
0.00709844
0.00843457
0.00783717
0.0066722
0.00853223
0.00783716
0.00673452
0.00853223
0.00783578
0.00794896
0.00853223
0.00783549
0.00839504
0.00853223
0.00783546
0.00819211
0.00853223
0.00783545
0.0077008
0.00853223
0.00783545
0.00712178
0.00853223
0.00783545
0.00702193
0.00853223
0.00783545
0.0077472
0.00853223
0.00783545
0.00876488
0.00853223
0.00783545
0.00926862
0.00853223
0.00783545
0.00907577
0.00853223
0.00783545
0.00862579
0.00853223
0.00783545
0.0082706
0.00853223
0.00783545
0.00786865
0.00853223
0.00783545
0.00720852
0.00853223
0.00783545
0.00669179
0.00853223
0.00783545
0.00708968
0.00853223
0.00783545
0.00819826
0.00853223
0.00783545
0.00852527
0.00853223
0.00783545
0.00775055
0.00853223
0.00783546
0.0078803
0.00853223
0.00783549
0.00896133
0.00853223
0.00783578
0.00709844
0.00853223
0.00783716
0.0066722
0.00855512
0.00783716
0.00673452
0.00855512
0.00783578
0.00794896
0.00855512
0.00783549
0.00839504
0.00855512
0.00783546
0.00819211
0.00855512
0.00783545
0.0077008
0.00855512
0.00783545
0.00712178
0.00855512
0.00783545
0.00702193
0.00855512
0.00783545
0.0077472
0.00855512
0.00783545
0.00876488
0.00855512
0.00783545
0.00926862
0.00855512
0.00783545
0.00907577
0.00855512
0.00783545
0.00862579
0.00855512
0.00783545
0.0082706
0.00855512
0.00783545
0.00786865
0.00855512
0.00783545
0.00720852
0.00855512
0.00783545
0.00669179
0.00855512
0.00783545
0.00708968
0.00855512
0.00783545
0.00819826
0.00855512
0.00783545
0.00852527
0.00855512
0.00783545
0.00775055
0.00855512
0.00783546
0.0078803
0.00855512
0.00783549
0.00896133
0.00855512
0.00783578
0.00709844
0.00855512
0.00783716
0.0066722
0.00858241
0.00783716
0.00673452
0.00858241
0.00783578
0.00794896
0.00858241
0.00783549
0.00839504
0.00858241
0.00783546
0.00819211
0.00858241
0.00783545
0.0077008
0.00858241
0.00783545
0.00712178
0.00858241
0.00783545
0.00702193
0.00858241
0.00783545
0.0077472
0.00858241
0.00783545
0.00876488
0.00858241
0.00783545
0.00926862
0.00858241
0.00783545
0.00907577
0.00858241
0.00783545
0.00862579
0.00858241
0.00783545
0.0082706
0.00858241
0.00783545
0.00786865
0.00858241
0.00783545
0.00720852
0.00858241
0.00783545
0.00669179
0.00858241
0.00783545
0.00708968
0.00858241
0.00783545
0.00819826
0.00858241
0.00783545
0.00852527
0.00858241
0.00783545
0.00775055
0.00858241
0.00783546
0.0078803
0.00858241
0.00783549
0.00896133
0.00858241
0.00783578
0.00709844
0.00858241
0.00783716
0.0066722
0.00836145
0.00783716
0.00673452
0.00836145
0.00783578
0.00794896
0.00836145
0.00783549
0.00839504
0.00836145
0.00783546
0.00819211
0.00836145
0.00783545
0.0077008
0.00836145
0.00783545
0.00712178
0.00836145
0.00783545
0.00702193
0.00836145
0.00783545
0.0077472
0.00836145
0.00783545
0.00876488
0.00836145
0.00783545
0.00926862
0.00836145
0.00783545
0.00907577
0.00836145
0.00783545
0.00862579
0.00836145
0.00783545
0.0082706
0.00836145
0.00783545
0.00786865
0.00836145
0.00783545
0.00720852
0.00836145
0.00783545
0.00669179
0.00836145
0.00783545
0.00708968
0.00836145
0.00783545
0.00819826
0.00836145
0.00783545
0.00852527
0.00836145
0.00783545
0.00775055
0.00836145
0.00783546
0.0078803
0.00836145
0.00783549
0.00896133
0.00836145
0.00783578
0.00709844
0.00836145
0.00783716
0.0066722
0.00755245
0.00783716
0.00673452
0.00755245
0.00783578
0.00794896
0.00755245
0.00783549
0.00839504
0.00755245
0.00783546
0.00819211
0.00755245
0.00783545
0.0077008
0.00755245
0.00783545
0.00712178
0.00755245
0.00783545
0.00702193
0.00755245
0.00783545
0.0077472
0.00755245
0.00783545
0.00876488
0.00755245
0.00783545
0.00926862
0.00755245
0.00783545
0.00907577
0.00755245
0.00783545
0.00862579
0.00755245
0.00783545
0.0082706
0.00755245
0.00783545
0.00786865
0.00755245
0.00783545
0.00720852
0.00755245
0.00783545
0.00669179
0.00755245
0.00783545
0.00708968
0.00755245
0.00783545
0.00819826
0.00755245
0.00783545
0.00852527
0.00755245
0.00783545
0.00775055
0.00755245
0.00783546
0.0078803
0.00755245
0.00783549
0.00896133
0.00755245
0.00783578
0.00709844
0.00755245
0.00783716
)
;

boundaryField
{
    bottom
    {
        type            fixedValue;
        value           uniform 0;
    }
    frontandback
    {
        type            empty;
    }
    left
    {
        type            fixedValue;
        value           uniform 0;
    }
    right
    {
        type            fixedValue;
        value           uniform 0;
    }
    top
    {
        type            fixedValue;
        value           uniform 0;
    }
}

