FoamFile
{
    version     2.0;
    format      ascii;
    class       faceList;
    location    "constant/polyMesh";
    object      faces;
}

2352      
(
4(26 651 626 1)
4(27 652 627 2)
4(28 653 628 3)
4(29 654 629 4)
4(30 655 630 5)
4(31 656 631 6)
4(32 657 632 7)
4(33 658 633 8)
4(34 659 634 9)
4(35 660 635 10)
4(36 661 636 11)
4(37 662 637 12)
4(38 663 638 13)
4(39 664 639 14)
4(40 665 640 15)
4(41 666 641 16)
4(42 667 642 17)
4(43 668 643 18)
4(44 669 644 19)
4(45 670 645 20)
4(46 671 646 21)
4(47 672 647 22)
4(48 673 648 23)
4(25 650 651 26)
4(26 651 652 27)
4(51 676 651 26)
4(27 652 653 28)
4(52 677 652 27)
4(28 653 654 29)
4(53 678 653 28)
4(29 654 655 30)
4(54 679 654 29)
4(30 655 656 31)
4(55 680 655 30)
4(31 656 657 32)
4(56 681 656 31)
4(32 657 658 33)
4(57 682 657 32)
4(33 658 659 34)
4(58 683 658 33)
4(34 659 660 35)
4(59 684 659 34)
4(35 660 661 36)
4(60 685 660 35)
4(36 661 662 37)
4(61 686 661 36)
4(37 662 663 38)
4(62 687 662 37)
4(38 663 664 39)
4(63 688 663 38)
4(39 664 665 40)
4(64 689 664 39)
4(40 665 666 41)
4(65 690 665 40)
4(41 666 667 42)
4(66 691 666 41)
4(42 667 668 43)
4(67 692 667 42)
4(43 668 669 44)
4(68 693 668 43)
4(44 669 670 45)
4(69 694 669 44)
4(45 670 671 46)
4(70 695 670 45)
4(46 671 672 47)
4(71 696 671 46)
4(47 672 673 48)
4(72 697 672 47)
4(48 673 674 49)
4(73 698 673 48)
4(50 675 676 51)
4(51 676 677 52)
4(76 701 676 51)
4(52 677 678 53)
4(77 702 677 52)
4(53 678 679 54)
4(78 703 678 53)
4(54 679 680 55)
4(79 704 679 54)
4(55 680 681 56)
4(80 705 680 55)
4(56 681 682 57)
4(81 706 681 56)
4(57 682 683 58)
4(82 707 682 57)
4(58 683 684 59)
4(83 708 683 58)
4(59 684 685 60)
4(84 709 684 59)
4(60 685 686 61)
4(85 710 685 60)
4(61 686 687 62)
4(86 711 686 61)
4(62 687 688 63)
4(87 712 687 62)
4(63 688 689 64)
4(88 713 688 63)
4(64 689 690 65)
4(89 714 689 64)
4(65 690 691 66)
4(90 715 690 65)
4(66 691 692 67)
4(91 716 691 66)
4(67 692 693 68)
4(92 717 692 67)
4(68 693 694 69)
4(93 718 693 68)
4(69 694 695 70)
4(94 719 694 69)
4(70 695 696 71)
4(95 720 695 70)
4(71 696 697 72)
4(96 721 696 71)
4(72 697 698 73)
4(97 722 697 72)
4(73 698 699 74)
4(98 723 698 73)
4(75 700 701 76)
4(76 701 702 77)
4(101 726 701 76)
4(77 702 703 78)
4(102 727 702 77)
4(78 703 704 79)
4(103 728 703 78)
4(79 704 705 80)
4(104 729 704 79)
4(80 705 706 81)
4(105 730 705 80)
4(81 706 707 82)
4(106 731 706 81)
4(82 707 708 83)
4(107 732 707 82)
4(83 708 709 84)
4(108 733 708 83)
4(84 709 710 85)
4(109 734 709 84)
4(85 710 711 86)
4(110 735 710 85)
4(86 711 712 87)
4(111 736 711 86)
4(87 712 713 88)
4(112 737 712 87)
4(88 713 714 89)
4(113 738 713 88)
4(89 714 715 90)
4(114 739 714 89)
4(90 715 716 91)
4(115 740 715 90)
4(91 716 717 92)
4(116 741 716 91)
4(92 717 718 93)
4(117 742 717 92)
4(93 718 719 94)
4(118 743 718 93)
4(94 719 720 95)
4(119 744 719 94)
4(95 720 721 96)
4(120 745 720 95)
4(96 721 722 97)
4(121 746 721 96)
4(97 722 723 98)
4(122 747 722 97)
4(98 723 724 99)
4(123 748 723 98)
4(100 725 726 101)
4(101 726 727 102)
4(126 751 726 101)
4(102 727 728 103)
4(127 752 727 102)
4(103 728 729 104)
4(128 753 728 103)
4(104 729 730 105)
4(129 754 729 104)
4(105 730 731 106)
4(130 755 730 105)
4(106 731 732 107)
4(131 756 731 106)
4(107 732 733 108)
4(132 757 732 107)
4(108 733 734 109)
4(133 758 733 108)
4(109 734 735 110)
4(134 759 734 109)
4(110 735 736 111)
4(135 760 735 110)
4(111 736 737 112)
4(136 761 736 111)
4(112 737 738 113)
4(137 762 737 112)
4(113 738 739 114)
4(138 763 738 113)
4(114 739 740 115)
4(139 764 739 114)
4(115 740 741 116)
4(140 765 740 115)
4(116 741 742 117)
4(141 766 741 116)
4(117 742 743 118)
4(142 767 742 117)
4(118 743 744 119)
4(143 768 743 118)
4(119 744 745 120)
4(144 769 744 119)
4(120 745 746 121)
4(145 770 745 120)
4(121 746 747 122)
4(146 771 746 121)
4(122 747 748 123)
4(147 772 747 122)
4(123 748 749 124)
4(148 773 748 123)
4(125 750 751 126)
4(126 751 752 127)
4(151 776 751 126)
4(127 752 753 128)
4(152 777 752 127)
4(128 753 754 129)
4(153 778 753 128)
4(129 754 755 130)
4(154 779 754 129)
4(130 755 756 131)
4(155 780 755 130)
4(131 756 757 132)
4(156 781 756 131)
4(132 757 758 133)
4(157 782 757 132)
4(133 758 759 134)
4(158 783 758 133)
4(134 759 760 135)
4(159 784 759 134)
4(135 760 761 136)
4(160 785 760 135)
4(136 761 762 137)
4(161 786 761 136)
4(137 762 763 138)
4(162 787 762 137)
4(138 763 764 139)
4(163 788 763 138)
4(139 764 765 140)
4(164 789 764 139)
4(140 765 766 141)
4(165 790 765 140)
4(141 766 767 142)
4(166 791 766 141)
4(142 767 768 143)
4(167 792 767 142)
4(143 768 769 144)
4(168 793 768 143)
4(144 769 770 145)
4(169 794 769 144)
4(145 770 771 146)
4(170 795 770 145)
4(146 771 772 147)
4(171 796 771 146)
4(147 772 773 148)
4(172 797 772 147)
4(148 773 774 149)
4(173 798 773 148)
4(150 775 776 151)
4(151 776 777 152)
4(176 801 776 151)
4(152 777 778 153)
4(177 802 777 152)
4(153 778 779 154)
4(178 803 778 153)
4(154 779 780 155)
4(179 804 779 154)
4(155 780 781 156)
4(180 805 780 155)
4(156 781 782 157)
4(181 806 781 156)
4(157 782 783 158)
4(182 807 782 157)
4(158 783 784 159)
4(183 808 783 158)
4(159 784 785 160)
4(184 809 784 159)
4(160 785 786 161)
4(185 810 785 160)
4(161 786 787 162)
4(186 811 786 161)
4(162 787 788 163)
4(187 812 787 162)
4(163 788 789 164)
4(188 813 788 163)
4(164 789 790 165)
4(189 814 789 164)
4(165 790 791 166)
4(190 815 790 165)
4(166 791 792 167)
4(191 816 791 166)
4(167 792 793 168)
4(192 817 792 167)
4(168 793 794 169)
4(193 818 793 168)
4(169 794 795 170)
4(194 819 794 169)
4(170 795 796 171)
4(195 820 795 170)
4(171 796 797 172)
4(196 821 796 171)
4(172 797 798 173)
4(197 822 797 172)
4(173 798 799 174)
4(198 823 798 173)
4(175 800 801 176)
4(176 801 802 177)
4(201 826 801 176)
4(177 802 803 178)
4(202 827 802 177)
4(178 803 804 179)
4(203 828 803 178)
4(179 804 805 180)
4(204 829 804 179)
4(180 805 806 181)
4(205 830 805 180)
4(181 806 807 182)
4(206 831 806 181)
4(182 807 808 183)
4(207 832 807 182)
4(183 808 809 184)
4(208 833 808 183)
4(184 809 810 185)
4(209 834 809 184)
4(185 810 811 186)
4(210 835 810 185)
4(186 811 812 187)
4(211 836 811 186)
4(187 812 813 188)
4(212 837 812 187)
4(188 813 814 189)
4(213 838 813 188)
4(189 814 815 190)
4(214 839 814 189)
4(190 815 816 191)
4(215 840 815 190)
4(191 816 817 192)
4(216 841 816 191)
4(192 817 818 193)
4(217 842 817 192)
4(193 818 819 194)
4(218 843 818 193)
4(194 819 820 195)
4(219 844 819 194)
4(195 820 821 196)
4(220 845 820 195)
4(196 821 822 197)
4(221 846 821 196)
4(197 822 823 198)
4(222 847 822 197)
4(198 823 824 199)
4(223 848 823 198)
4(200 825 826 201)
4(201 826 827 202)
4(226 851 826 201)
4(202 827 828 203)
4(227 852 827 202)
4(203 828 829 204)
4(228 853 828 203)
4(204 829 830 205)
4(229 854 829 204)
4(205 830 831 206)
4(230 855 830 205)
4(206 831 832 207)
4(231 856 831 206)
4(207 832 833 208)
4(232 857 832 207)
4(208 833 834 209)
4(233 858 833 208)
4(209 834 835 210)
4(234 859 834 209)
4(210 835 836 211)
4(235 860 835 210)
4(211 836 837 212)
4(236 861 836 211)
4(212 837 838 213)
4(237 862 837 212)
4(213 838 839 214)
4(238 863 838 213)
4(214 839 840 215)
4(239 864 839 214)
4(215 840 841 216)
4(240 865 840 215)
4(216 841 842 217)
4(241 866 841 216)
4(217 842 843 218)
4(242 867 842 217)
4(218 843 844 219)
4(243 868 843 218)
4(219 844 845 220)
4(244 869 844 219)
4(220 845 846 221)
4(245 870 845 220)
4(221 846 847 222)
4(246 871 846 221)
4(222 847 848 223)
4(247 872 847 222)
4(223 848 849 224)
4(248 873 848 223)
4(225 850 851 226)
4(226 851 852 227)
4(251 876 851 226)
4(227 852 853 228)
4(252 877 852 227)
4(228 853 854 229)
4(253 878 853 228)
4(229 854 855 230)
4(254 879 854 229)
4(230 855 856 231)
4(255 880 855 230)
4(231 856 857 232)
4(256 881 856 231)
4(232 857 858 233)
4(257 882 857 232)
4(233 858 859 234)
4(258 883 858 233)
4(234 859 860 235)
4(259 884 859 234)
4(235 860 861 236)
4(260 885 860 235)
4(236 861 862 237)
4(261 886 861 236)
4(237 862 863 238)
4(262 887 862 237)
4(238 863 864 239)
4(263 888 863 238)
4(239 864 865 240)
4(264 889 864 239)
4(240 865 866 241)
4(265 890 865 240)
4(241 866 867 242)
4(266 891 866 241)
4(242 867 868 243)
4(267 892 867 242)
4(243 868 869 244)
4(268 893 868 243)
4(244 869 870 245)
4(269 894 869 244)
4(245 870 871 246)
4(270 895 870 245)
4(246 871 872 247)
4(271 896 871 246)
4(247 872 873 248)
4(272 897 872 247)
4(248 873 874 249)
4(273 898 873 248)
4(250 875 876 251)
4(251 876 877 252)
4(276 901 876 251)
4(252 877 878 253)
4(277 902 877 252)
4(253 878 879 254)
4(278 903 878 253)
4(254 879 880 255)
4(279 904 879 254)
4(255 880 881 256)
4(280 905 880 255)
4(256 881 882 257)
4(281 906 881 256)
4(257 882 883 258)
4(282 907 882 257)
4(258 883 884 259)
4(283 908 883 258)
4(259 884 885 260)
4(284 909 884 259)
4(260 885 886 261)
4(285 910 885 260)
4(261 886 887 262)
4(286 911 886 261)
4(262 887 888 263)
4(287 912 887 262)
4(263 888 889 264)
4(288 913 888 263)
4(264 889 890 265)
4(289 914 889 264)
4(265 890 891 266)
4(290 915 890 265)
4(266 891 892 267)
4(291 916 891 266)
4(267 892 893 268)
4(292 917 892 267)
4(268 893 894 269)
4(293 918 893 268)
4(269 894 895 270)
4(294 919 894 269)
4(270 895 896 271)
4(295 920 895 270)
4(271 896 897 272)
4(296 921 896 271)
4(272 897 898 273)
4(297 922 897 272)
4(273 898 899 274)
4(298 923 898 273)
4(275 900 901 276)
4(276 901 902 277)
4(301 926 901 276)
4(277 902 903 278)
4(302 927 902 277)
4(278 903 904 279)
4(303 928 903 278)
4(279 904 905 280)
4(304 929 904 279)
4(280 905 906 281)
4(305 930 905 280)
4(281 906 907 282)
4(306 931 906 281)
4(282 907 908 283)
4(307 932 907 282)
4(283 908 909 284)
4(308 933 908 283)
4(284 909 910 285)
4(309 934 909 284)
4(285 910 911 286)
4(310 935 910 285)
4(286 911 912 287)
4(311 936 911 286)
4(287 912 913 288)
4(312 937 912 287)
4(288 913 914 289)
4(313 938 913 288)
4(289 914 915 290)
4(314 939 914 289)
4(290 915 916 291)
4(315 940 915 290)
4(291 916 917 292)
4(316 941 916 291)
4(292 917 918 293)
4(317 942 917 292)
4(293 918 919 294)
4(318 943 918 293)
4(294 919 920 295)
4(319 944 919 294)
4(295 920 921 296)
4(320 945 920 295)
4(296 921 922 297)
4(321 946 921 296)
4(297 922 923 298)
4(322 947 922 297)
4(298 923 924 299)
4(323 948 923 298)
4(300 925 926 301)
4(301 926 927 302)
4(326 951 926 301)
4(302 927 928 303)
4(327 952 927 302)
4(303 928 929 304)
4(328 953 928 303)
4(304 929 930 305)
4(329 954 929 304)
4(305 930 931 306)
4(330 955 930 305)
4(306 931 932 307)
4(331 956 931 306)
4(307 932 933 308)
4(332 957 932 307)
4(308 933 934 309)
4(333 958 933 308)
4(309 934 935 310)
4(334 959 934 309)
4(310 935 936 311)
4(335 960 935 310)
4(311 936 937 312)
4(336 961 936 311)
4(312 937 938 313)
4(337 962 937 312)
4(313 938 939 314)
4(338 963 938 313)
4(314 939 940 315)
4(339 964 939 314)
4(315 940 941 316)
4(340 965 940 315)
4(316 941 942 317)
4(341 966 941 316)
4(317 942 943 318)
4(342 967 942 317)
4(318 943 944 319)
4(343 968 943 318)
4(319 944 945 320)
4(344 969 944 319)
4(320 945 946 321)
4(345 970 945 320)
4(321 946 947 322)
4(346 971 946 321)
4(322 947 948 323)
4(347 972 947 322)
4(323 948 949 324)
4(348 973 948 323)
4(325 950 951 326)
4(326 951 952 327)
4(351 976 951 326)
4(327 952 953 328)
4(352 977 952 327)
4(328 953 954 329)
4(353 978 953 328)
4(329 954 955 330)
4(354 979 954 329)
4(330 955 956 331)
4(355 980 955 330)
4(331 956 957 332)
4(356 981 956 331)
4(332 957 958 333)
4(357 982 957 332)
4(333 958 959 334)
4(358 983 958 333)
4(334 959 960 335)
4(359 984 959 334)
4(335 960 961 336)
4(360 985 960 335)
4(336 961 962 337)
4(361 986 961 336)
4(337 962 963 338)
4(362 987 962 337)
4(338 963 964 339)
4(363 988 963 338)
4(339 964 965 340)
4(364 989 964 339)
4(340 965 966 341)
4(365 990 965 340)
4(341 966 967 342)
4(366 991 966 341)
4(342 967 968 343)
4(367 992 967 342)
4(343 968 969 344)
4(368 993 968 343)
4(344 969 970 345)
4(369 994 969 344)
4(345 970 971 346)
4(370 995 970 345)
4(346 971 972 347)
4(371 996 971 346)
4(347 972 973 348)
4(372 997 972 347)
4(348 973 974 349)
4(373 998 973 348)
4(350 975 976 351)
4(351 976 977 352)
4(376 1001 976 351)
4(352 977 978 353)
4(377 1002 977 352)
4(353 978 979 354)
4(378 1003 978 353)
4(354 979 980 355)
4(379 1004 979 354)
4(355 980 981 356)
4(380 1005 980 355)
4(356 981 982 357)
4(381 1006 981 356)
4(357 982 983 358)
4(382 1007 982 357)
4(358 983 984 359)
4(383 1008 983 358)
4(359 984 985 360)
4(384 1009 984 359)
4(360 985 986 361)
4(385 1010 985 360)
4(361 986 987 362)
4(386 1011 986 361)
4(362 987 988 363)
4(387 1012 987 362)
4(363 988 989 364)
4(388 1013 988 363)
4(364 989 990 365)
4(389 1014 989 364)
4(365 990 991 366)
4(390 1015 990 365)
4(366 991 992 367)
4(391 1016 991 366)
4(367 992 993 368)
4(392 1017 992 367)
4(368 993 994 369)
4(393 1018 993 368)
4(369 994 995 370)
4(394 1019 994 369)
4(370 995 996 371)
4(395 1020 995 370)
4(371 996 997 372)
4(396 1021 996 371)
4(372 997 998 373)
4(397 1022 997 372)
4(373 998 999 374)
4(398 1023 998 373)
4(375 1000 1001 376)
4(376 1001 1002 377)
4(401 1026 1001 376)
4(377 1002 1003 378)
4(402 1027 1002 377)
4(378 1003 1004 379)
4(403 1028 1003 378)
4(379 1004 1005 380)
4(404 1029 1004 379)
4(380 1005 1006 381)
4(405 1030 1005 380)
4(381 1006 1007 382)
4(406 1031 1006 381)
4(382 1007 1008 383)
4(407 1032 1007 382)
4(383 1008 1009 384)
4(408 1033 1008 383)
4(384 1009 1010 385)
4(409 1034 1009 384)
4(385 1010 1011 386)
4(410 1035 1010 385)
4(386 1011 1012 387)
4(411 1036 1011 386)
4(387 1012 1013 388)
4(412 1037 1012 387)
4(388 1013 1014 389)
4(413 1038 1013 388)
4(389 1014 1015 390)
4(414 1039 1014 389)
4(390 1015 1016 391)
4(415 1040 1015 390)
4(391 1016 1017 392)
4(416 1041 1016 391)
4(392 1017 1018 393)
4(417 1042 1017 392)
4(393 1018 1019 394)
4(418 1043 1018 393)
4(394 1019 1020 395)
4(419 1044 1019 394)
4(395 1020 1021 396)
4(420 1045 1020 395)
4(396 1021 1022 397)
4(421 1046 1021 396)
4(397 1022 1023 398)
4(422 1047 1022 397)
4(398 1023 1024 399)
4(423 1048 1023 398)
4(400 1025 1026 401)
4(401 1026 1027 402)
4(426 1051 1026 401)
4(402 1027 1028 403)
4(427 1052 1027 402)
4(403 1028 1029 404)
4(428 1053 1028 403)
4(404 1029 1030 405)
4(429 1054 1029 404)
4(405 1030 1031 406)
4(430 1055 1030 405)
4(406 1031 1032 407)
4(431 1056 1031 406)
4(407 1032 1033 408)
4(432 1057 1032 407)
4(408 1033 1034 409)
4(433 1058 1033 408)
4(409 1034 1035 410)
4(434 1059 1034 409)
4(410 1035 1036 411)
4(435 1060 1035 410)
4(411 1036 1037 412)
4(436 1061 1036 411)
4(412 1037 1038 413)
4(437 1062 1037 412)
4(413 1038 1039 414)
4(438 1063 1038 413)
4(414 1039 1040 415)
4(439 1064 1039 414)
4(415 1040 1041 416)
4(440 1065 1040 415)
4(416 1041 1042 417)
4(441 1066 1041 416)
4(417 1042 1043 418)
4(442 1067 1042 417)
4(418 1043 1044 419)
4(443 1068 1043 418)
4(419 1044 1045 420)
4(444 1069 1044 419)
4(420 1045 1046 421)
4(445 1070 1045 420)
4(421 1046 1047 422)
4(446 1071 1046 421)
4(422 1047 1048 423)
4(447 1072 1047 422)
4(423 1048 1049 424)
4(448 1073 1048 423)
4(425 1050 1051 426)
4(426 1051 1052 427)
4(451 1076 1051 426)
4(427 1052 1053 428)
4(452 1077 1052 427)
4(428 1053 1054 429)
4(453 1078 1053 428)
4(429 1054 1055 430)
4(454 1079 1054 429)
4(430 1055 1056 431)
4(455 1080 1055 430)
4(431 1056 1057 432)
4(456 1081 1056 431)
4(432 1057 1058 433)
4(457 1082 1057 432)
4(433 1058 1059 434)
4(458 1083 1058 433)
4(434 1059 1060 435)
4(459 1084 1059 434)
4(435 1060 1061 436)
4(460 1085 1060 435)
4(436 1061 1062 437)
4(461 1086 1061 436)
4(437 1062 1063 438)
4(462 1087 1062 437)
4(438 1063 1064 439)
4(463 1088 1063 438)
4(439 1064 1065 440)
4(464 1089 1064 439)
4(440 1065 1066 441)
4(465 1090 1065 440)
4(441 1066 1067 442)
4(466 1091 1066 441)
4(442 1067 1068 443)
4(467 1092 1067 442)
4(443 1068 1069 444)
4(468 1093 1068 443)
4(444 1069 1070 445)
4(469 1094 1069 444)
4(445 1070 1071 446)
4(470 1095 1070 445)
4(446 1071 1072 447)
4(471 1096 1071 446)
4(447 1072 1073 448)
4(472 1097 1072 447)
4(448 1073 1074 449)
4(473 1098 1073 448)
4(450 1075 1076 451)
4(451 1076 1077 452)
4(476 1101 1076 451)
4(452 1077 1078 453)
4(477 1102 1077 452)
4(453 1078 1079 454)
4(478 1103 1078 453)
4(454 1079 1080 455)
4(479 1104 1079 454)
4(455 1080 1081 456)
4(480 1105 1080 455)
4(456 1081 1082 457)
4(481 1106 1081 456)
4(457 1082 1083 458)
4(482 1107 1082 457)
4(458 1083 1084 459)
4(483 1108 1083 458)
4(459 1084 1085 460)
4(484 1109 1084 459)
4(460 1085 1086 461)
4(485 1110 1085 460)
4(461 1086 1087 462)
4(486 1111 1086 461)
4(462 1087 1088 463)
4(487 1112 1087 462)
4(463 1088 1089 464)
4(488 1113 1088 463)
4(464 1089 1090 465)
4(489 1114 1089 464)
4(465 1090 1091 466)
4(490 1115 1090 465)
4(466 1091 1092 467)
4(491 1116 1091 466)
4(467 1092 1093 468)
4(492 1117 1092 467)
4(468 1093 1094 469)
4(493 1118 1093 468)
4(469 1094 1095 470)
4(494 1119 1094 469)
4(470 1095 1096 471)
4(495 1120 1095 470)
4(471 1096 1097 472)
4(496 1121 1096 471)
4(472 1097 1098 473)
4(497 1122 1097 472)
4(473 1098 1099 474)
4(498 1123 1098 473)
4(475 1100 1101 476)
4(476 1101 1102 477)
4(501 1126 1101 476)
4(477 1102 1103 478)
4(502 1127 1102 477)
4(478 1103 1104 479)
4(503 1128 1103 478)
4(479 1104 1105 480)
4(504 1129 1104 479)
4(480 1105 1106 481)
4(505 1130 1105 480)
4(481 1106 1107 482)
4(506 1131 1106 481)
4(482 1107 1108 483)
4(507 1132 1107 482)
4(483 1108 1109 484)
4(508 1133 1108 483)
4(484 1109 1110 485)
4(509 1134 1109 484)
4(485 1110 1111 486)
4(510 1135 1110 485)
4(486 1111 1112 487)
4(511 1136 1111 486)
4(487 1112 1113 488)
4(512 1137 1112 487)
4(488 1113 1114 489)
4(513 1138 1113 488)
4(489 1114 1115 490)
4(514 1139 1114 489)
4(490 1115 1116 491)
4(515 1140 1115 490)
4(491 1116 1117 492)
4(516 1141 1116 491)
4(492 1117 1118 493)
4(517 1142 1117 492)
4(493 1118 1119 494)
4(518 1143 1118 493)
4(494 1119 1120 495)
4(519 1144 1119 494)
4(495 1120 1121 496)
4(520 1145 1120 495)
4(496 1121 1122 497)
4(521 1146 1121 496)
4(497 1122 1123 498)
4(522 1147 1122 497)
4(498 1123 1124 499)
4(523 1148 1123 498)
4(500 1125 1126 501)
4(501 1126 1127 502)
4(526 1151 1126 501)
4(502 1127 1128 503)
4(527 1152 1127 502)
4(503 1128 1129 504)
4(528 1153 1128 503)
4(504 1129 1130 505)
4(529 1154 1129 504)
4(505 1130 1131 506)
4(530 1155 1130 505)
4(506 1131 1132 507)
4(531 1156 1131 506)
4(507 1132 1133 508)
4(532 1157 1132 507)
4(508 1133 1134 509)
4(533 1158 1133 508)
4(509 1134 1135 510)
4(534 1159 1134 509)
4(510 1135 1136 511)
4(535 1160 1135 510)
4(511 1136 1137 512)
4(536 1161 1136 511)
4(512 1137 1138 513)
4(537 1162 1137 512)
4(513 1138 1139 514)
4(538 1163 1138 513)
4(514 1139 1140 515)
4(539 1164 1139 514)
4(515 1140 1141 516)
4(540 1165 1140 515)
4(516 1141 1142 517)
4(541 1166 1141 516)
4(517 1142 1143 518)
4(542 1167 1142 517)
4(518 1143 1144 519)
4(543 1168 1143 518)
4(519 1144 1145 520)
4(544 1169 1144 519)
4(520 1145 1146 521)
4(545 1170 1145 520)
4(521 1146 1147 522)
4(546 1171 1146 521)
4(522 1147 1148 523)
4(547 1172 1147 522)
4(523 1148 1149 524)
4(548 1173 1148 523)
4(525 1150 1151 526)
4(526 1151 1152 527)
4(551 1176 1151 526)
4(527 1152 1153 528)
4(552 1177 1152 527)
4(528 1153 1154 529)
4(553 1178 1153 528)
4(529 1154 1155 530)
4(554 1179 1154 529)
4(530 1155 1156 531)
4(555 1180 1155 530)
4(531 1156 1157 532)
4(556 1181 1156 531)
4(532 1157 1158 533)
4(557 1182 1157 532)
4(533 1158 1159 534)
4(558 1183 1158 533)
4(534 1159 1160 535)
4(559 1184 1159 534)
4(535 1160 1161 536)
4(560 1185 1160 535)
4(536 1161 1162 537)
4(561 1186 1161 536)
4(537 1162 1163 538)
4(562 1187 1162 537)
4(538 1163 1164 539)
4(563 1188 1163 538)
4(539 1164 1165 540)
4(564 1189 1164 539)
4(540 1165 1166 541)
4(565 1190 1165 540)
4(541 1166 1167 542)
4(566 1191 1166 541)
4(542 1167 1168 543)
4(567 1192 1167 542)
4(543 1168 1169 544)
4(568 1193 1168 543)
4(544 1169 1170 545)
4(569 1194 1169 544)
4(545 1170 1171 546)
4(570 1195 1170 545)
4(546 1171 1172 547)
4(571 1196 1171 546)
4(547 1172 1173 548)
4(572 1197 1172 547)
4(548 1173 1174 549)
4(573 1198 1173 548)
4(550 1175 1176 551)
4(551 1176 1177 552)
4(576 1201 1176 551)
4(552 1177 1178 553)
4(577 1202 1177 552)
4(553 1178 1179 554)
4(578 1203 1178 553)
4(554 1179 1180 555)
4(579 1204 1179 554)
4(555 1180 1181 556)
4(580 1205 1180 555)
4(556 1181 1182 557)
4(581 1206 1181 556)
4(557 1182 1183 558)
4(582 1207 1182 557)
4(558 1183 1184 559)
4(583 1208 1183 558)
4(559 1184 1185 560)
4(584 1209 1184 559)
4(560 1185 1186 561)
4(585 1210 1185 560)
4(561 1186 1187 562)
4(586 1211 1186 561)
4(562 1187 1188 563)
4(587 1212 1187 562)
4(563 1188 1189 564)
4(588 1213 1188 563)
4(564 1189 1190 565)
4(589 1214 1189 564)
4(565 1190 1191 566)
4(590 1215 1190 565)
4(566 1191 1192 567)
4(591 1216 1191 566)
4(567 1192 1193 568)
4(592 1217 1192 567)
4(568 1193 1194 569)
4(593 1218 1193 568)
4(569 1194 1195 570)
4(594 1219 1194 569)
4(570 1195 1196 571)
4(595 1220 1195 570)
4(571 1196 1197 572)
4(596 1221 1196 571)
4(572 1197 1198 573)
4(597 1222 1197 572)
4(573 1198 1199 574)
4(598 1223 1198 573)
4(575 1200 1201 576)
4(576 1201 1202 577)
4(601 1226 1201 576)
4(577 1202 1203 578)
4(602 1227 1202 577)
4(578 1203 1204 579)
4(603 1228 1203 578)
4(579 1204 1205 580)
4(604 1229 1204 579)
4(580 1205 1206 581)
4(605 1230 1205 580)
4(581 1206 1207 582)
4(606 1231 1206 581)
4(582 1207 1208 583)
4(607 1232 1207 582)
4(583 1208 1209 584)
4(608 1233 1208 583)
4(584 1209 1210 585)
4(609 1234 1209 584)
4(585 1210 1211 586)
4(610 1235 1210 585)
4(586 1211 1212 587)
4(611 1236 1211 586)
4(587 1212 1213 588)
4(612 1237 1212 587)
4(588 1213 1214 589)
4(613 1238 1213 588)
4(589 1214 1215 590)
4(614 1239 1214 589)
4(590 1215 1216 591)
4(615 1240 1215 590)
4(591 1216 1217 592)
4(616 1241 1216 591)
4(592 1217 1218 593)
4(617 1242 1217 592)
4(593 1218 1219 594)
4(618 1243 1218 593)
4(594 1219 1220 595)
4(619 1244 1219 594)
4(595 1220 1221 596)
4(620 1245 1220 595)
4(596 1221 1222 597)
4(621 1246 1221 596)
4(597 1222 1223 598)
4(622 1247 1222 597)
4(598 1223 1224 599)
4(623 1248 1223 598)
4(1 626 625 0)
4(2 627 626 1)
4(3 628 627 2)
4(4 629 628 3)
4(5 630 629 4)
4(6 631 630 5)
4(7 632 631 6)
4(8 633 632 7)
4(9 634 633 8)
4(10 635 634 9)
4(11 636 635 10)
4(12 637 636 11)
4(13 638 637 12)
4(14 639 638 13)
4(15 640 639 14)
4(16 641 640 15)
4(17 642 641 16)
4(18 643 642 17)
4(19 644 643 18)
4(20 645 644 19)
4(21 646 645 20)
4(22 647 646 21)
4(23 648 647 22)
4(24 649 648 23)
4(25 26 1 0)
4(26 27 2 1)
4(27 28 3 2)
4(28 29 4 3)
4(29 30 5 4)
4(30 31 6 5)
4(31 32 7 6)
4(32 33 8 7)
4(33 34 9 8)
4(34 35 10 9)
4(35 36 11 10)
4(36 37 12 11)
4(37 38 13 12)
4(38 39 14 13)
4(39 40 15 14)
4(40 41 16 15)
4(41 42 17 16)
4(42 43 18 17)
4(43 44 19 18)
4(44 45 20 19)
4(45 46 21 20)
4(46 47 22 21)
4(47 48 23 22)
4(48 49 24 23)
4(50 51 26 25)
4(51 52 27 26)
4(52 53 28 27)
4(53 54 29 28)
4(54 55 30 29)
4(55 56 31 30)
4(56 57 32 31)
4(57 58 33 32)
4(58 59 34 33)
4(59 60 35 34)
4(60 61 36 35)
4(61 62 37 36)
4(62 63 38 37)
4(63 64 39 38)
4(64 65 40 39)
4(65 66 41 40)
4(66 67 42 41)
4(67 68 43 42)
4(68 69 44 43)
4(69 70 45 44)
4(70 71 46 45)
4(71 72 47 46)
4(72 73 48 47)
4(73 74 49 48)
4(75 76 51 50)
4(76 77 52 51)
4(77 78 53 52)
4(78 79 54 53)
4(79 80 55 54)
4(80 81 56 55)
4(81 82 57 56)
4(82 83 58 57)
4(83 84 59 58)
4(84 85 60 59)
4(85 86 61 60)
4(86 87 62 61)
4(87 88 63 62)
4(88 89 64 63)
4(89 90 65 64)
4(90 91 66 65)
4(91 92 67 66)
4(92 93 68 67)
4(93 94 69 68)
4(94 95 70 69)
4(95 96 71 70)
4(96 97 72 71)
4(97 98 73 72)
4(98 99 74 73)
4(100 101 76 75)
4(101 102 77 76)
4(102 103 78 77)
4(103 104 79 78)
4(104 105 80 79)
4(105 106 81 80)
4(106 107 82 81)
4(107 108 83 82)
4(108 109 84 83)
4(109 110 85 84)
4(110 111 86 85)
4(111 112 87 86)
4(112 113 88 87)
4(113 114 89 88)
4(114 115 90 89)
4(115 116 91 90)
4(116 117 92 91)
4(117 118 93 92)
4(118 119 94 93)
4(119 120 95 94)
4(120 121 96 95)
4(121 122 97 96)
4(122 123 98 97)
4(123 124 99 98)
4(125 126 101 100)
4(126 127 102 101)
4(127 128 103 102)
4(128 129 104 103)
4(129 130 105 104)
4(130 131 106 105)
4(131 132 107 106)
4(132 133 108 107)
4(133 134 109 108)
4(134 135 110 109)
4(135 136 111 110)
4(136 137 112 111)
4(137 138 113 112)
4(138 139 114 113)
4(139 140 115 114)
4(140 141 116 115)
4(141 142 117 116)
4(142 143 118 117)
4(143 144 119 118)
4(144 145 120 119)
4(145 146 121 120)
4(146 147 122 121)
4(147 148 123 122)
4(148 149 124 123)
4(150 151 126 125)
4(151 152 127 126)
4(152 153 128 127)
4(153 154 129 128)
4(154 155 130 129)
4(155 156 131 130)
4(156 157 132 131)
4(157 158 133 132)
4(158 159 134 133)
4(159 160 135 134)
4(160 161 136 135)
4(161 162 137 136)
4(162 163 138 137)
4(163 164 139 138)
4(164 165 140 139)
4(165 166 141 140)
4(166 167 142 141)
4(167 168 143 142)
4(168 169 144 143)
4(169 170 145 144)
4(170 171 146 145)
4(171 172 147 146)
4(172 173 148 147)
4(173 174 149 148)
4(175 176 151 150)
4(176 177 152 151)
4(177 178 153 152)
4(178 179 154 153)
4(179 180 155 154)
4(180 181 156 155)
4(181 182 157 156)
4(182 183 158 157)
4(183 184 159 158)
4(184 185 160 159)
4(185 186 161 160)
4(186 187 162 161)
4(187 188 163 162)
4(188 189 164 163)
4(189 190 165 164)
4(190 191 166 165)
4(191 192 167 166)
4(192 193 168 167)
4(193 194 169 168)
4(194 195 170 169)
4(195 196 171 170)
4(196 197 172 171)
4(197 198 173 172)
4(198 199 174 173)
4(200 201 176 175)
4(201 202 177 176)
4(202 203 178 177)
4(203 204 179 178)
4(204 205 180 179)
4(205 206 181 180)
4(206 207 182 181)
4(207 208 183 182)
4(208 209 184 183)
4(209 210 185 184)
4(210 211 186 185)
4(211 212 187 186)
4(212 213 188 187)
4(213 214 189 188)
4(214 215 190 189)
4(215 216 191 190)
4(216 217 192 191)
4(217 218 193 192)
4(218 219 194 193)
4(219 220 195 194)
4(220 221 196 195)
4(221 222 197 196)
4(222 223 198 197)
4(223 224 199 198)
4(225 226 201 200)
4(226 227 202 201)
4(227 228 203 202)
4(228 229 204 203)
4(229 230 205 204)
4(230 231 206 205)
4(231 232 207 206)
4(232 233 208 207)
4(233 234 209 208)
4(234 235 210 209)
4(235 236 211 210)
4(236 237 212 211)
4(237 238 213 212)
4(238 239 214 213)
4(239 240 215 214)
4(240 241 216 215)
4(241 242 217 216)
4(242 243 218 217)
4(243 244 219 218)
4(244 245 220 219)
4(245 246 221 220)
4(246 247 222 221)
4(247 248 223 222)
4(248 249 224 223)
4(250 251 226 225)
4(251 252 227 226)
4(252 253 228 227)
4(253 254 229 228)
4(254 255 230 229)
4(255 256 231 230)
4(256 257 232 231)
4(257 258 233 232)
4(258 259 234 233)
4(259 260 235 234)
4(260 261 236 235)
4(261 262 237 236)
4(262 263 238 237)
4(263 264 239 238)
4(264 265 240 239)
4(265 266 241 240)
4(266 267 242 241)
4(267 268 243 242)
4(268 269 244 243)
4(269 270 245 244)
4(270 271 246 245)
4(271 272 247 246)
4(272 273 248 247)
4(273 274 249 248)
4(275 276 251 250)
4(276 277 252 251)
4(277 278 253 252)
4(278 279 254 253)
4(279 280 255 254)
4(280 281 256 255)
4(281 282 257 256)
4(282 283 258 257)
4(283 284 259 258)
4(284 285 260 259)
4(285 286 261 260)
4(286 287 262 261)
4(287 288 263 262)
4(288 289 264 263)
4(289 290 265 264)
4(290 291 266 265)
4(291 292 267 266)
4(292 293 268 267)
4(293 294 269 268)
4(294 295 270 269)
4(295 296 271 270)
4(296 297 272 271)
4(297 298 273 272)
4(298 299 274 273)
4(300 301 276 275)
4(301 302 277 276)
4(302 303 278 277)
4(303 304 279 278)
4(304 305 280 279)
4(305 306 281 280)
4(306 307 282 281)
4(307 308 283 282)
4(308 309 284 283)
4(309 310 285 284)
4(310 311 286 285)
4(311 312 287 286)
4(312 313 288 287)
4(313 314 289 288)
4(314 315 290 289)
4(315 316 291 290)
4(316 317 292 291)
4(317 318 293 292)
4(318 319 294 293)
4(319 320 295 294)
4(320 321 296 295)
4(321 322 297 296)
4(322 323 298 297)
4(323 324 299 298)
4(325 326 301 300)
4(326 327 302 301)
4(327 328 303 302)
4(328 329 304 303)
4(329 330 305 304)
4(330 331 306 305)
4(331 332 307 306)
4(332 333 308 307)
4(333 334 309 308)
4(334 335 310 309)
4(335 336 311 310)
4(336 337 312 311)
4(337 338 313 312)
4(338 339 314 313)
4(339 340 315 314)
4(340 341 316 315)
4(341 342 317 316)
4(342 343 318 317)
4(343 344 319 318)
4(344 345 320 319)
4(345 346 321 320)
4(346 347 322 321)
4(347 348 323 322)
4(348 349 324 323)
4(350 351 326 325)
4(351 352 327 326)
4(352 353 328 327)
4(353 354 329 328)
4(354 355 330 329)
4(355 356 331 330)
4(356 357 332 331)
4(357 358 333 332)
4(358 359 334 333)
4(359 360 335 334)
4(360 361 336 335)
4(361 362 337 336)
4(362 363 338 337)
4(363 364 339 338)
4(364 365 340 339)
4(365 366 341 340)
4(366 367 342 341)
4(367 368 343 342)
4(368 369 344 343)
4(369 370 345 344)
4(370 371 346 345)
4(371 372 347 346)
4(372 373 348 347)
4(373 374 349 348)
4(375 376 351 350)
4(376 377 352 351)
4(377 378 353 352)
4(378 379 354 353)
4(379 380 355 354)
4(380 381 356 355)
4(381 382 357 356)
4(382 383 358 357)
4(383 384 359 358)
4(384 385 360 359)
4(385 386 361 360)
4(386 387 362 361)
4(387 388 363 362)
4(388 389 364 363)
4(389 390 365 364)
4(390 391 366 365)
4(391 392 367 366)
4(392 393 368 367)
4(393 394 369 368)
4(394 395 370 369)
4(395 396 371 370)
4(396 397 372 371)
4(397 398 373 372)
4(398 399 374 373)
4(400 401 376 375)
4(401 402 377 376)
4(402 403 378 377)
4(403 404 379 378)
4(404 405 380 379)
4(405 406 381 380)
4(406 407 382 381)
4(407 408 383 382)
4(408 409 384 383)
4(409 410 385 384)
4(410 411 386 385)
4(411 412 387 386)
4(412 413 388 387)
4(413 414 389 388)
4(414 415 390 389)
4(415 416 391 390)
4(416 417 392 391)
4(417 418 393 392)
4(418 419 394 393)
4(419 420 395 394)
4(420 421 396 395)
4(421 422 397 396)
4(422 423 398 397)
4(423 424 399 398)
4(425 426 401 400)
4(426 427 402 401)
4(427 428 403 402)
4(428 429 404 403)
4(429 430 405 404)
4(430 431 406 405)
4(431 432 407 406)
4(432 433 408 407)
4(433 434 409 408)
4(434 435 410 409)
4(435 436 411 410)
4(436 437 412 411)
4(437 438 413 412)
4(438 439 414 413)
4(439 440 415 414)
4(440 441 416 415)
4(441 442 417 416)
4(442 443 418 417)
4(443 444 419 418)
4(444 445 420 419)
4(445 446 421 420)
4(446 447 422 421)
4(447 448 423 422)
4(448 449 424 423)
4(450 451 426 425)
4(451 452 427 426)
4(452 453 428 427)
4(453 454 429 428)
4(454 455 430 429)
4(455 456 431 430)
4(456 457 432 431)
4(457 458 433 432)
4(458 459 434 433)
4(459 460 435 434)
4(460 461 436 435)
4(461 462 437 436)
4(462 463 438 437)
4(463 464 439 438)
4(464 465 440 439)
4(465 466 441 440)
4(466 467 442 441)
4(467 468 443 442)
4(468 469 444 443)
4(469 470 445 444)
4(470 471 446 445)
4(471 472 447 446)
4(472 473 448 447)
4(473 474 449 448)
4(475 476 451 450)
4(476 477 452 451)
4(477 478 453 452)
4(478 479 454 453)
4(479 480 455 454)
4(480 481 456 455)
4(481 482 457 456)
4(482 483 458 457)
4(483 484 459 458)
4(484 485 460 459)
4(485 486 461 460)
4(486 487 462 461)
4(487 488 463 462)
4(488 489 464 463)
4(489 490 465 464)
4(490 491 466 465)
4(491 492 467 466)
4(492 493 468 467)
4(493 494 469 468)
4(494 495 470 469)
4(495 496 471 470)
4(496 497 472 471)
4(497 498 473 472)
4(498 499 474 473)
4(500 501 476 475)
4(501 502 477 476)
4(502 503 478 477)
4(503 504 479 478)
4(504 505 480 479)
4(505 506 481 480)
4(506 507 482 481)
4(507 508 483 482)
4(508 509 484 483)
4(509 510 485 484)
4(510 511 486 485)
4(511 512 487 486)
4(512 513 488 487)
4(513 514 489 488)
4(514 515 490 489)
4(515 516 491 490)
4(516 517 492 491)
4(517 518 493 492)
4(518 519 494 493)
4(519 520 495 494)
4(520 521 496 495)
4(521 522 497 496)
4(522 523 498 497)
4(523 524 499 498)
4(525 526 501 500)
4(526 527 502 501)
4(527 528 503 502)
4(528 529 504 503)
4(529 530 505 504)
4(530 531 506 505)
4(531 532 507 506)
4(532 533 508 507)
4(533 534 509 508)
4(534 535 510 509)
4(535 536 511 510)
4(536 537 512 511)
4(537 538 513 512)
4(538 539 514 513)
4(539 540 515 514)
4(540 541 516 515)
4(541 542 517 516)
4(542 543 518 517)
4(543 544 519 518)
4(544 545 520 519)
4(545 546 521 520)
4(546 547 522 521)
4(547 548 523 522)
4(548 549 524 523)
4(550 551 526 525)
4(551 552 527 526)
4(552 553 528 527)
4(553 554 529 528)
4(554 555 530 529)
4(555 556 531 530)
4(556 557 532 531)
4(557 558 533 532)
4(558 559 534 533)
4(559 560 535 534)
4(560 561 536 535)
4(561 562 537 536)
4(562 563 538 537)
4(563 564 539 538)
4(564 565 540 539)
4(565 566 541 540)
4(566 567 542 541)
4(567 568 543 542)
4(568 569 544 543)
4(569 570 545 544)
4(570 571 546 545)
4(571 572 547 546)
4(572 573 548 547)
4(573 574 549 548)
4(575 576 551 550)
4(576 577 552 551)
4(577 578 553 552)
4(578 579 554 553)
4(579 580 555 554)
4(580 581 556 555)
4(581 582 557 556)
4(582 583 558 557)
4(583 584 559 558)
4(584 585 560 559)
4(585 586 561 560)
4(586 587 562 561)
4(587 588 563 562)
4(588 589 564 563)
4(589 590 565 564)
4(590 591 566 565)
4(591 592 567 566)
4(592 593 568 567)
4(593 594 569 568)
4(594 595 570 569)
4(595 596 571 570)
4(596 597 572 571)
4(597 598 573 572)
4(598 599 574 573)
4(600 601 576 575)
4(601 602 577 576)
4(602 603 578 577)
4(603 604 579 578)
4(604 605 580 579)
4(605 606 581 580)
4(606 607 582 581)
4(607 608 583 582)
4(608 609 584 583)
4(609 610 585 584)
4(610 611 586 585)
4(611 612 587 586)
4(612 613 588 587)
4(613 614 589 588)
4(614 615 590 589)
4(615 616 591 590)
4(616 617 592 591)
4(617 618 593 592)
4(618 619 594 593)
4(619 620 595 594)
4(620 621 596 595)
4(621 622 597 596)
4(622 623 598 597)
4(623 624 599 598)
4(626 651 650 625)
4(627 652 651 626)
4(628 653 652 627)
4(629 654 653 628)
4(630 655 654 629)
4(631 656 655 630)
4(632 657 656 631)
4(633 658 657 632)
4(634 659 658 633)
4(635 660 659 634)
4(636 661 660 635)
4(637 662 661 636)
4(638 663 662 637)
4(639 664 663 638)
4(640 665 664 639)
4(641 666 665 640)
4(642 667 666 641)
4(643 668 667 642)
4(644 669 668 643)
4(645 670 669 644)
4(646 671 670 645)
4(647 672 671 646)
4(648 673 672 647)
4(649 674 673 648)
4(651 676 675 650)
4(652 677 676 651)
4(653 678 677 652)
4(654 679 678 653)
4(655 680 679 654)
4(656 681 680 655)
4(657 682 681 656)
4(658 683 682 657)
4(659 684 683 658)
4(660 685 684 659)
4(661 686 685 660)
4(662 687 686 661)
4(663 688 687 662)
4(664 689 688 663)
4(665 690 689 664)
4(666 691 690 665)
4(667 692 691 666)
4(668 693 692 667)
4(669 694 693 668)
4(670 695 694 669)
4(671 696 695 670)
4(672 697 696 671)
4(673 698 697 672)
4(674 699 698 673)
4(676 701 700 675)
4(677 702 701 676)
4(678 703 702 677)
4(679 704 703 678)
4(680 705 704 679)
4(681 706 705 680)
4(682 707 706 681)
4(683 708 707 682)
4(684 709 708 683)
4(685 710 709 684)
4(686 711 710 685)
4(687 712 711 686)
4(688 713 712 687)
4(689 714 713 688)
4(690 715 714 689)
4(691 716 715 690)
4(692 717 716 691)
4(693 718 717 692)
4(694 719 718 693)
4(695 720 719 694)
4(696 721 720 695)
4(697 722 721 696)
4(698 723 722 697)
4(699 724 723 698)
4(701 726 725 700)
4(702 727 726 701)
4(703 728 727 702)
4(704 729 728 703)
4(705 730 729 704)
4(706 731 730 705)
4(707 732 731 706)
4(708 733 732 707)
4(709 734 733 708)
4(710 735 734 709)
4(711 736 735 710)
4(712 737 736 711)
4(713 738 737 712)
4(714 739 738 713)
4(715 740 739 714)
4(716 741 740 715)
4(717 742 741 716)
4(718 743 742 717)
4(719 744 743 718)
4(720 745 744 719)
4(721 746 745 720)
4(722 747 746 721)
4(723 748 747 722)
4(724 749 748 723)
4(726 751 750 725)
4(727 752 751 726)
4(728 753 752 727)
4(729 754 753 728)
4(730 755 754 729)
4(731 756 755 730)
4(732 757 756 731)
4(733 758 757 732)
4(734 759 758 733)
4(735 760 759 734)
4(736 761 760 735)
4(737 762 761 736)
4(738 763 762 737)
4(739 764 763 738)
4(740 765 764 739)
4(741 766 765 740)
4(742 767 766 741)
4(743 768 767 742)
4(744 769 768 743)
4(745 770 769 744)
4(746 771 770 745)
4(747 772 771 746)
4(748 773 772 747)
4(749 774 773 748)
4(751 776 775 750)
4(752 777 776 751)
4(753 778 777 752)
4(754 779 778 753)
4(755 780 779 754)
4(756 781 780 755)
4(757 782 781 756)
4(758 783 782 757)
4(759 784 783 758)
4(760 785 784 759)
4(761 786 785 760)
4(762 787 786 761)
4(763 788 787 762)
4(764 789 788 763)
4(765 790 789 764)
4(766 791 790 765)
4(767 792 791 766)
4(768 793 792 767)
4(769 794 793 768)
4(770 795 794 769)
4(771 796 795 770)
4(772 797 796 771)
4(773 798 797 772)
4(774 799 798 773)
4(776 801 800 775)
4(777 802 801 776)
4(778 803 802 777)
4(779 804 803 778)
4(780 805 804 779)
4(781 806 805 780)
4(782 807 806 781)
4(783 808 807 782)
4(784 809 808 783)
4(785 810 809 784)
4(786 811 810 785)
4(787 812 811 786)
4(788 813 812 787)
4(789 814 813 788)
4(790 815 814 789)
4(791 816 815 790)
4(792 817 816 791)
4(793 818 817 792)
4(794 819 818 793)
4(795 820 819 794)
4(796 821 820 795)
4(797 822 821 796)
4(798 823 822 797)
4(799 824 823 798)
4(801 826 825 800)
4(802 827 826 801)
4(803 828 827 802)
4(804 829 828 803)
4(805 830 829 804)
4(806 831 830 805)
4(807 832 831 806)
4(808 833 832 807)
4(809 834 833 808)
4(810 835 834 809)
4(811 836 835 810)
4(812 837 836 811)
4(813 838 837 812)
4(814 839 838 813)
4(815 840 839 814)
4(816 841 840 815)
4(817 842 841 816)
4(818 843 842 817)
4(819 844 843 818)
4(820 845 844 819)
4(821 846 845 820)
4(822 847 846 821)
4(823 848 847 822)
4(824 849 848 823)
4(826 851 850 825)
4(827 852 851 826)
4(828 853 852 827)
4(829 854 853 828)
4(830 855 854 829)
4(831 856 855 830)
4(832 857 856 831)
4(833 858 857 832)
4(834 859 858 833)
4(835 860 859 834)
4(836 861 860 835)
4(837 862 861 836)
4(838 863 862 837)
4(839 864 863 838)
4(840 865 864 839)
4(841 866 865 840)
4(842 867 866 841)
4(843 868 867 842)
4(844 869 868 843)
4(845 870 869 844)
4(846 871 870 845)
4(847 872 871 846)
4(848 873 872 847)
4(849 874 873 848)
4(851 876 875 850)
4(852 877 876 851)
4(853 878 877 852)
4(854 879 878 853)
4(855 880 879 854)
4(856 881 880 855)
4(857 882 881 856)
4(858 883 882 857)
4(859 884 883 858)
4(860 885 884 859)
4(861 886 885 860)
4(862 887 886 861)
4(863 888 887 862)
4(864 889 888 863)
4(865 890 889 864)
4(866 891 890 865)
4(867 892 891 866)
4(868 893 892 867)
4(869 894 893 868)
4(870 895 894 869)
4(871 896 895 870)
4(872 897 896 871)
4(873 898 897 872)
4(874 899 898 873)
4(876 901 900 875)
4(877 902 901 876)
4(878 903 902 877)
4(879 904 903 878)
4(880 905 904 879)
4(881 906 905 880)
4(882 907 906 881)
4(883 908 907 882)
4(884 909 908 883)
4(885 910 909 884)
4(886 911 910 885)
4(887 912 911 886)
4(888 913 912 887)
4(889 914 913 888)
4(890 915 914 889)
4(891 916 915 890)
4(892 917 916 891)
4(893 918 917 892)
4(894 919 918 893)
4(895 920 919 894)
4(896 921 920 895)
4(897 922 921 896)
4(898 923 922 897)
4(899 924 923 898)
4(901 926 925 900)
4(902 927 926 901)
4(903 928 927 902)
4(904 929 928 903)
4(905 930 929 904)
4(906 931 930 905)
4(907 932 931 906)
4(908 933 932 907)
4(909 934 933 908)
4(910 935 934 909)
4(911 936 935 910)
4(912 937 936 911)
4(913 938 937 912)
4(914 939 938 913)
4(915 940 939 914)
4(916 941 940 915)
4(917 942 941 916)
4(918 943 942 917)
4(919 944 943 918)
4(920 945 944 919)
4(921 946 945 920)
4(922 947 946 921)
4(923 948 947 922)
4(924 949 948 923)
4(926 951 950 925)
4(927 952 951 926)
4(928 953 952 927)
4(929 954 953 928)
4(930 955 954 929)
4(931 956 955 930)
4(932 957 956 931)
4(933 958 957 932)
4(934 959 958 933)
4(935 960 959 934)
4(936 961 960 935)
4(937 962 961 936)
4(938 963 962 937)
4(939 964 963 938)
4(940 965 964 939)
4(941 966 965 940)
4(942 967 966 941)
4(943 968 967 942)
4(944 969 968 943)
4(945 970 969 944)
4(946 971 970 945)
4(947 972 971 946)
4(948 973 972 947)
4(949 974 973 948)
4(951 976 975 950)
4(952 977 976 951)
4(953 978 977 952)
4(954 979 978 953)
4(955 980 979 954)
4(956 981 980 955)
4(957 982 981 956)
4(958 983 982 957)
4(959 984 983 958)
4(960 985 984 959)
4(961 986 985 960)
4(962 987 986 961)
4(963 988 987 962)
4(964 989 988 963)
4(965 990 989 964)
4(966 991 990 965)
4(967 992 991 966)
4(968 993 992 967)
4(969 994 993 968)
4(970 995 994 969)
4(971 996 995 970)
4(972 997 996 971)
4(973 998 997 972)
4(974 999 998 973)
4(976 1001 1000 975)
4(977 1002 1001 976)
4(978 1003 1002 977)
4(979 1004 1003 978)
4(980 1005 1004 979)
4(981 1006 1005 980)
4(982 1007 1006 981)
4(983 1008 1007 982)
4(984 1009 1008 983)
4(985 1010 1009 984)
4(986 1011 1010 985)
4(987 1012 1011 986)
4(988 1013 1012 987)
4(989 1014 1013 988)
4(990 1015 1014 989)
4(991 1016 1015 990)
4(992 1017 1016 991)
4(993 1018 1017 992)
4(994 1019 1018 993)
4(995 1020 1019 994)
4(996 1021 1020 995)
4(997 1022 1021 996)
4(998 1023 1022 997)
4(999 1024 1023 998)
4(1001 1026 1025 1000)
4(1002 1027 1026 1001)
4(1003 1028 1027 1002)
4(1004 1029 1028 1003)
4(1005 1030 1029 1004)
4(1006 1031 1030 1005)
4(1007 1032 1031 1006)
4(1008 1033 1032 1007)
4(1009 1034 1033 1008)
4(1010 1035 1034 1009)
4(1011 1036 1035 1010)
4(1012 1037 1036 1011)
4(1013 1038 1037 1012)
4(1014 1039 1038 1013)
4(1015 1040 1039 1014)
4(1016 1041 1040 1015)
4(1017 1042 1041 1016)
4(1018 1043 1042 1017)
4(1019 1044 1043 1018)
4(1020 1045 1044 1019)
4(1021 1046 1045 1020)
4(1022 1047 1046 1021)
4(1023 1048 1047 1022)
4(1024 1049 1048 1023)
4(1026 1051 1050 1025)
4(1027 1052 1051 1026)
4(1028 1053 1052 1027)
4(1029 1054 1053 1028)
4(1030 1055 1054 1029)
4(1031 1056 1055 1030)
4(1032 1057 1056 1031)
4(1033 1058 1057 1032)
4(1034 1059 1058 1033)
4(1035 1060 1059 1034)
4(1036 1061 1060 1035)
4(1037 1062 1061 1036)
4(1038 1063 1062 1037)
4(1039 1064 1063 1038)
4(1040 1065 1064 1039)
4(1041 1066 1065 1040)
4(1042 1067 1066 1041)
4(1043 1068 1067 1042)
4(1044 1069 1068 1043)
4(1045 1070 1069 1044)
4(1046 1071 1070 1045)
4(1047 1072 1071 1046)
4(1048 1073 1072 1047)
4(1049 1074 1073 1048)
4(1051 1076 1075 1050)
4(1052 1077 1076 1051)
4(1053 1078 1077 1052)
4(1054 1079 1078 1053)
4(1055 1080 1079 1054)
4(1056 1081 1080 1055)
4(1057 1082 1081 1056)
4(1058 1083 1082 1057)
4(1059 1084 1083 1058)
4(1060 1085 1084 1059)
4(1061 1086 1085 1060)
4(1062 1087 1086 1061)
4(1063 1088 1087 1062)
4(1064 1089 1088 1063)
4(1065 1090 1089 1064)
4(1066 1091 1090 1065)
4(1067 1092 1091 1066)
4(1068 1093 1092 1067)
4(1069 1094 1093 1068)
4(1070 1095 1094 1069)
4(1071 1096 1095 1070)
4(1072 1097 1096 1071)
4(1073 1098 1097 1072)
4(1074 1099 1098 1073)
4(1076 1101 1100 1075)
4(1077 1102 1101 1076)
4(1078 1103 1102 1077)
4(1079 1104 1103 1078)
4(1080 1105 1104 1079)
4(1081 1106 1105 1080)
4(1082 1107 1106 1081)
4(1083 1108 1107 1082)
4(1084 1109 1108 1083)
4(1085 1110 1109 1084)
4(1086 1111 1110 1085)
4(1087 1112 1111 1086)
4(1088 1113 1112 1087)
4(1089 1114 1113 1088)
4(1090 1115 1114 1089)
4(1091 1116 1115 1090)
4(1092 1117 1116 1091)
4(1093 1118 1117 1092)
4(1094 1119 1118 1093)
4(1095 1120 1119 1094)
4(1096 1121 1120 1095)
4(1097 1122 1121 1096)
4(1098 1123 1122 1097)
4(1099 1124 1123 1098)
4(1101 1126 1125 1100)
4(1102 1127 1126 1101)
4(1103 1128 1127 1102)
4(1104 1129 1128 1103)
4(1105 1130 1129 1104)
4(1106 1131 1130 1105)
4(1107 1132 1131 1106)
4(1108 1133 1132 1107)
4(1109 1134 1133 1108)
4(1110 1135 1134 1109)
4(1111 1136 1135 1110)
4(1112 1137 1136 1111)
4(1113 1138 1137 1112)
4(1114 1139 1138 1113)
4(1115 1140 1139 1114)
4(1116 1141 1140 1115)
4(1117 1142 1141 1116)
4(1118 1143 1142 1117)
4(1119 1144 1143 1118)
4(1120 1145 1144 1119)
4(1121 1146 1145 1120)
4(1122 1147 1146 1121)
4(1123 1148 1147 1122)
4(1124 1149 1148 1123)
4(1126 1151 1150 1125)
4(1127 1152 1151 1126)
4(1128 1153 1152 1127)
4(1129 1154 1153 1128)
4(1130 1155 1154 1129)
4(1131 1156 1155 1130)
4(1132 1157 1156 1131)
4(1133 1158 1157 1132)
4(1134 1159 1158 1133)
4(1135 1160 1159 1134)
4(1136 1161 1160 1135)
4(1137 1162 1161 1136)
4(1138 1163 1162 1137)
4(1139 1164 1163 1138)
4(1140 1165 1164 1139)
4(1141 1166 1165 1140)
4(1142 1167 1166 1141)
4(1143 1168 1167 1142)
4(1144 1169 1168 1143)
4(1145 1170 1169 1144)
4(1146 1171 1170 1145)
4(1147 1172 1171 1146)
4(1148 1173 1172 1147)
4(1149 1174 1173 1148)
4(1151 1176 1175 1150)
4(1152 1177 1176 1151)
4(1153 1178 1177 1152)
4(1154 1179 1178 1153)
4(1155 1180 1179 1154)
4(1156 1181 1180 1155)
4(1157 1182 1181 1156)
4(1158 1183 1182 1157)
4(1159 1184 1183 1158)
4(1160 1185 1184 1159)
4(1161 1186 1185 1160)
4(1162 1187 1186 1161)
4(1163 1188 1187 1162)
4(1164 1189 1188 1163)
4(1165 1190 1189 1164)
4(1166 1191 1190 1165)
4(1167 1192 1191 1166)
4(1168 1193 1192 1167)
4(1169 1194 1193 1168)
4(1170 1195 1194 1169)
4(1171 1196 1195 1170)
4(1172 1197 1196 1171)
4(1173 1198 1197 1172)
4(1174 1199 1198 1173)
4(1176 1201 1200 1175)
4(1177 1202 1201 1176)
4(1178 1203 1202 1177)
4(1179 1204 1203 1178)
4(1180 1205 1204 1179)
4(1181 1206 1205 1180)
4(1182 1207 1206 1181)
4(1183 1208 1207 1182)
4(1184 1209 1208 1183)
4(1185 1210 1209 1184)
4(1186 1211 1210 1185)
4(1187 1212 1211 1186)
4(1188 1213 1212 1187)
4(1189 1214 1213 1188)
4(1190 1215 1214 1189)
4(1191 1216 1215 1190)
4(1192 1217 1216 1191)
4(1193 1218 1217 1192)
4(1194 1219 1218 1193)
4(1195 1220 1219 1194)
4(1196 1221 1220 1195)
4(1197 1222 1221 1196)
4(1198 1223 1222 1197)
4(1199 1224 1223 1198)
4(1201 1226 1225 1200)
4(1202 1227 1226 1201)
4(1203 1228 1227 1202)
4(1204 1229 1228 1203)
4(1205 1230 1229 1204)
4(1206 1231 1230 1205)
4(1207 1232 1231 1206)
4(1208 1233 1232 1207)
4(1209 1234 1233 1208)
4(1210 1235 1234 1209)
4(1211 1236 1235 1210)
4(1212 1237 1236 1211)
4(1213 1238 1237 1212)
4(1214 1239 1238 1213)
4(1215 1240 1239 1214)
4(1216 1241 1240 1215)
4(1217 1242 1241 1216)
4(1218 1243 1242 1217)
4(1219 1244 1243 1218)
4(1220 1245 1244 1219)
4(1221 1246 1245 1220)
4(1222 1247 1246 1221)
4(1223 1248 1247 1222)
4(1224 1249 1248 1223)
4(1200 1225 600 575)
4(1175 1200 575 550)
4(1150 1175 550 525)
4(1125 1150 525 500)
4(1100 1125 500 475)
4(1075 1100 475 450)
4(1050 1075 450 425)
4(1025 1050 425 400)
4(1000 1025 400 375)
4(975 1000 375 350)
4(950 975 350 325)
4(925 950 325 300)
4(900 925 300 275)
4(875 900 275 250)
4(850 875 250 225)
4(825 850 225 200)
4(800 825 200 175)
4(775 800 175 150)
4(750 775 150 125)
4(725 750 125 100)
4(700 725 100 75)
4(675 700 75 50)
4(650 675 50 25)
4(625 650 25 0)
4(49 674 649 24)
4(74 699 674 49)
4(99 724 699 74)
4(124 749 724 99)
4(149 774 749 124)
4(174 799 774 149)
4(199 824 799 174)
4(224 849 824 199)
4(249 874 849 224)
4(274 899 874 249)
4(299 924 899 274)
4(324 949 924 299)
4(349 974 949 324)
4(374 999 974 349)
4(399 1024 999 374)
4(424 1049 1024 399)
4(449 1074 1049 424)
4(474 1099 1074 449)
4(499 1124 1099 474)
4(524 1149 1124 499)
4(549 1174 1149 524)
4(574 1199 1174 549)
4(599 1224 1199 574)
4(624 1249 1224 599)
4(623 1248 1249 624)
4(622 1247 1248 623)
4(621 1246 1247 622)
4(620 1245 1246 621)
4(619 1244 1245 620)
4(618 1243 1244 619)
4(617 1242 1243 618)
4(616 1241 1242 617)
4(615 1240 1241 616)
4(614 1239 1240 615)
4(613 1238 1239 614)
4(612 1237 1238 613)
4(611 1236 1237 612)
4(610 1235 1236 611)
4(609 1234 1235 610)
4(608 1233 1234 609)
4(607 1232 1233 608)
4(606 1231 1232 607)
4(605 1230 1231 606)
4(604 1229 1230 605)
4(603 1228 1229 604)
4(602 1227 1228 603)
4(601 1226 1227 602)
4(600 1225 1226 601)
)
