FoamFile
{
    version     2.0;
    format      ascii;
    class       labelList;
    location    "constant/polyMesh";
    object      owner;
}

2352      
(
 0 1 2 3 4 5 6 7 8 9
 10 11 12 13 14 15 16 17 18 19
 20 21 22 0 1 24 2 25 3 26
 4 27 5 28 6 29 7 30 8 31
 9 32 10 33 11 34 12 35 13 36
 14 37 15 38 16 39 17 40 18 41
 19 42 20 43 21 44 22 45 23 46
 24 25 48 26 49 27 50 28 51 29
 52 30 53 31 54 32 55 33 56 34
 57 35 58 36 59 37 60 38 61 39
 62 40 63 41 64 42 65 43 66 44
 67 45 68 46 69 47 70 48 49 72
 50 73 51 74 52 75 53 76 54 77
 55 78 56 79 57 80 58 81 59 82
 60 83 61 84 62 85 63 86 64 87
 65 88 66 89 67 90 68 91 69 92
 70 93 71 94 72 73 96 74 97 75
 98 76 99 77 100 78 101 79 102 80
 103 81 104 82 105 83 106 84 107 85
 108 86 109 87 110 88 111 89 112 90
 113 91 114 92 115 93 116 94 117 95
 118 96 97 120 98 121 99 122 100 123
 101 124 102 125 103 126 104 127 105 128
 106 129 107 130 108 131 109 132 110 133
 111 134 112 135 113 136 114 137 115 138
 116 139 117 140 118 141 119 142 120 121
 144 122 145 123 146 124 147 125 148 126
 149 127 150 128 151 129 152 130 153 131
 154 132 155 133 156 134 157 135 158 136
 159 137 160 138 161 139 162 140 163 141
 164 142 165 143 166 144 145 168 146 169
 147 170 148 171 149 172 150 173 151 174
 152 175 153 176 154 177 155 178 156 179
 157 180 158 181 159 182 160 183 161 184
 162 185 163 186 164 187 165 188 166 189
 167 190 168 169 192 170 193 171 194 172
 195 173 196 174 197 175 198 176 199 177
 200 178 201 179 202 180 203 181 204 182
 205 183 206 184 207 185 208 186 209 187
 210 188 211 189 212 190 213 191 214 192
 193 216 194 217 195 218 196 219 197 220
 198 221 199 222 200 223 201 224 202 225
 203 226 204 227 205 228 206 229 207 230
 208 231 209 232 210 233 211 234 212 235
 213 236 214 237 215 238 216 217 240 218
 241 219 242 220 243 221 244 222 245 223
 246 224 247 225 248 226 249 227 250 228
 251 229 252 230 253 231 254 232 255 233
 256 234 257 235 258 236 259 237 260 238
 261 239 262 240 241 264 242 265 243 266
 244 267 245 268 246 269 247 270 248 271
 249 272 250 273 251 274 252 275 253 276
 254 277 255 278 256 279 257 280 258 281
 259 282 260 283 261 284 262 285 263 286
 264 265 288 266 289 267 290 268 291 269
 292 270 293 271 294 272 295 273 296 274
 297 275 298 276 299 277 300 278 301 279
 302 280 303 281 304 282 305 283 306 284
 307 285 308 286 309 287 310 288 289 312
 290 313 291 314 292 315 293 316 294 317
 295 318 296 319 297 320 298 321 299 322
 300 323 301 324 302 325 303 326 304 327
 305 328 306 329 307 330 308 331 309 332
 310 333 311 334 312 313 336 314 337 315
 338 316 339 317 340 318 341 319 342 320
 343 321 344 322 345 323 346 324 347 325
 348 326 349 327 350 328 351 329 352 330
 353 331 354 332 355 333 356 334 357 335
 358 336 337 360 338 361 339 362 340 363
 341 364 342 365 343 366 344 367 345 368
 346 369 347 370 348 371 349 372 350 373
 351 374 352 375 353 376 354 377 355 378
 356 379 357 380 358 381 359 382 360 361
 384 362 385 363 386 364 387 365 388 366
 389 367 390 368 391 369 392 370 393 371
 394 372 395 373 396 374 397 375 398 376
 399 377 400 378 401 379 402 380 403 381
 404 382 405 383 406 384 385 408 386 409
 387 410 388 411 389 412 390 413 391 414
 392 415 393 416 394 417 395 418 396 419
 397 420 398 421 399 422 400 423 401 424
 402 425 403 426 404 427 405 428 406 429
 407 430 408 409 432 410 433 411 434 412
 435 413 436 414 437 415 438 416 439 417
 440 418 441 419 442 420 443 421 444 422
 445 423 446 424 447 425 448 426 449 427
 450 428 451 429 452 430 453 431 454 432
 433 456 434 457 435 458 436 459 437 460
 438 461 439 462 440 463 441 464 442 465
 443 466 444 467 445 468 446 469 447 470
 448 471 449 472 450 473 451 474 452 475
 453 476 454 477 455 478 456 457 480 458
 481 459 482 460 483 461 484 462 485 463
 486 464 487 465 488 466 489 467 490 468
 491 469 492 470 493 471 494 472 495 473
 496 474 497 475 498 476 499 477 500 478
 501 479 502 480 481 504 482 505 483 506
 484 507 485 508 486 509 487 510 488 511
 489 512 490 513 491 514 492 515 493 516
 494 517 495 518 496 519 497 520 498 521
 499 522 500 523 501 524 502 525 503 526
 504 505 528 506 529 507 530 508 531 509
 532 510 533 511 534 512 535 513 536 514
 537 515 538 516 539 517 540 518 541 519
 542 520 543 521 544 522 545 523 546 524
 547 525 548 526 549 527 550 528 529 552
 530 553 531 554 532 555 533 556 534 557
 535 558 536 559 537 560 538 561 539 562
 540 563 541 564 542 565 543 566 544 567
 545 568 546 569 547 570 548 571 549 572
 550 573 551 574 0 1 2 3 4 5
 6 7 8 9 10 11 12 13 14 15
 16 17 18 19 20 21 22 23 0 1
 2 3 4 5 6 7 8 9 10 11
 12 13 14 15 16 17 18 19 20 21
 22 23 24 25 26 27 28 29 30 31
 32 33 34 35 36 37 38 39 40 41
 42 43 44 45 46 47 48 49 50 51
 52 53 54 55 56 57 58 59 60 61
 62 63 64 65 66 67 68 69 70 71
 72 73 74 75 76 77 78 79 80 81
 82 83 84 85 86 87 88 89 90 91
 92 93 94 95 96 97 98 99 100 101
 102 103 104 105 106 107 108 109 110 111
 112 113 114 115 116 117 118 119 120 121
 122 123 124 125 126 127 128 129 130 131
 132 133 134 135 136 137 138 139 140 141
 142 143 144 145 146 147 148 149 150 151
 152 153 154 155 156 157 158 159 160 161
 162 163 164 165 166 167 168 169 170 171
 172 173 174 175 176 177 178 179 180 181
 182 183 184 185 186 187 188 189 190 191
 192 193 194 195 196 197 198 199 200 201
 202 203 204 205 206 207 208 209 210 211
 212 213 214 215 216 217 218 219 220 221
 222 223 224 225 226 227 228 229 230 231
 232 233 234 235 236 237 238 239 240 241
 242 243 244 245 246 247 248 249 250 251
 252 253 254 255 256 257 258 259 260 261
 262 263 264 265 266 267 268 269 270 271
 272 273 274 275 276 277 278 279 280 281
 282 283 284 285 286 287 288 289 290 291
 292 293 294 295 296 297 298 299 300 301
 302 303 304 305 306 307 308 309 310 311
 312 313 314 315 316 317 318 319 320 321
 322 323 324 325 326 327 328 329 330 331
 332 333 334 335 336 337 338 339 340 341
 342 343 344 345 346 347 348 349 350 351
 352 353 354 355 356 357 358 359 360 361
 362 363 364 365 366 367 368 369 370 371
 372 373 374 375 376 377 378 379 380 381
 382 383 384 385 386 387 388 389 390 391
 392 393 394 395 396 397 398 399 400 401
 402 403 404 405 406 407 408 409 410 411
 412 413 414 415 416 417 418 419 420 421
 422 423 424 425 426 427 428 429 430 431
 432 433 434 435 436 437 438 439 440 441
 442 443 444 445 446 447 448 449 450 451
 452 453 454 455 456 457 458 459 460 461
 462 463 464 465 466 467 468 469 470 471
 472 473 474 475 476 477 478 479 480 481
 482 483 484 485 486 487 488 489 490 491
 492 493 494 495 496 497 498 499 500 501
 502 503 504 505 506 507 508 509 510 511
 512 513 514 515 516 517 518 519 520 521
 522 523 524 525 526 527 528 529 530 531
 532 533 534 535 536 537 538 539 540 541
 542 543 544 545 546 547 548 549 550 551
 552 553 554 555 556 557 558 559 560 561
 562 563 564 565 566 567 568 569 570 571
 572 573 574 575 0 1 2 3 4 5
 6 7 8 9 10 11 12 13 14 15
 16 17 18 19 20 21 22 23 24 25
 26 27 28 29 30 31 32 33 34 35
 36 37 38 39 40 41 42 43 44 45
 46 47 48 49 50 51 52 53 54 55
 56 57 58 59 60 61 62 63 64 65
 66 67 68 69 70 71 72 73 74 75
 76 77 78 79 80 81 82 83 84 85
 86 87 88 89 90 91 92 93 94 95
 96 97 98 99 100 101 102 103 104 105
 106 107 108 109 110 111 112 113 114 115
 116 117 118 119 120 121 122 123 124 125
 126 127 128 129 130 131 132 133 134 135
 136 137 138 139 140 141 142 143 144 145
 146 147 148 149 150 151 152 153 154 155
 156 157 158 159 160 161 162 163 164 165
 166 167 168 169 170 171 172 173 174 175
 176 177 178 179 180 181 182 183 184 185
 186 187 188 189 190 191 192 193 194 195
 196 197 198 199 200 201 202 203 204 205
 206 207 208 209 210 211 212 213 214 215
 216 217 218 219 220 221 222 223 224 225
 226 227 228 229 230 231 232 233 234 235
 236 237 238 239 240 241 242 243 244 245
 246 247 248 249 250 251 252 253 254 255
 256 257 258 259 260 261 262 263 264 265
 266 267 268 269 270 271 272 273 274 275
 276 277 278 279 280 281 282 283 284 285
 286 287 288 289 290 291 292 293 294 295
 296 297 298 299 300 301 302 303 304 305
 306 307 308 309 310 311 312 313 314 315
 316 317 318 319 320 321 322 323 324 325
 326 327 328 329 330 331 332 333 334 335
 336 337 338 339 340 341 342 343 344 345
 346 347 348 349 350 351 352 353 354 355
 356 357 358 359 360 361 362 363 364 365
 366 367 368 369 370 371 372 373 374 375
 376 377 378 379 380 381 382 383 384 385
 386 387 388 389 390 391 392 393 394 395
 396 397 398 399 400 401 402 403 404 405
 406 407 408 409 410 411 412 413 414 415
 416 417 418 419 420 421 422 423 424 425
 426 427 428 429 430 431 432 433 434 435
 436 437 438 439 440 441 442 443 444 445
 446 447 448 449 450 451 452 453 454 455
 456 457 458 459 460 461 462 463 464 465
 466 467 468 469 470 471 472 473 474 475
 476 477 478 479 480 481 482 483 484 485
 486 487 488 489 490 491 492 493 494 495
 496 497 498 499 500 501 502 503 504 505
 506 507 508 509 510 511 512 513 514 515
 516 517 518 519 520 521 522 523 524 525
 526 527 528 529 530 531 532 533 534 535
 536 537 538 539 540 541 542 543 544 545
 546 547 548 549 550 551 552 553 554 555
 556 557 558 559 560 561 562 563 564 565
 566 567 568 569 570 571 572 573 574 575
 552 528 504 480 456 432 408 384 360 336
 312 288 264 240 216 192 168 144 120 96
 72 48 24 0 23 47 71 95 119 143
 167 191 215 239 263 287 311 335 359 383
 407 431 455 479 503 527 551 575 575 574
 573 572 571 570 569 568 567 566 565 564
 563 562 561 560 559 558 557 556 555 554
 553 552
)
